0,0.498209,0,0.0726391,10,-79.3165,-173.222
0.292574,0.498209,0,0.0726391,10,-79.3165,-173.222
0.392337,0.498209,0,0.0726391,10,-79.3165,-173.222
0.49226,0.496701,0,0.0714387,10,-79.3063,-173.222
0.592325,0.496701,0,0.0714387,10,-79.3063,-173.222
0.692381,0.496701,0,0.0714387,10,-79.3063,-173.222
0.792301,0.495347,0,0.0705149,10,-79.6526,-173.222
0.892405,0.495347,0,0.0705149,10,-79.6526,-173.222
0.992338,0.495347,0,0.0705149,10,-79.6526,-173.222
1.09238,0.494357,0,0.0695938,10,-84.0122,-173.222
1.19238,0.494357,0,0.0695938,10,-84.0122,-173.222
1.29231,0.493851,0,0.0674231,10,-93.5,-173.222
1.39236,0.493851,0,0.0674231,10,-93.5,-173.222
1.49233,0.493319,0,0.0642317,10,-105.568,-173.222
1.59239,0.493319,0,0.0642317,10,-105.568,-173.222
1.6923,0.493319,0,0.0642317,10,-105.568,-173.222
1.79231,0.494784,0,0.0634406,10,-117.416,-173.222
1.8924,0.494784,0,0.0634406,10,-117.416,-173.222
1.99233,0.495612,0,0.0625203,10,-127.253,-173.222
2.09235,0.495612,0,0.0625203,10,-127.253,-173.222
2.19227,0.49534,0,0.06071,10,-134.492,-173.222
2.29232,0.49534,0,0.06071,10,-134.492,-173.222
2.39235,0.49534,0,0.06071,10,-134.492,-173.222
2.49233,0.494414,0,0.0578561,10,-139.999,-173.222
2.59232,0.494414,0,0.0578561,10,-139.999,-173.222
2.69231,0.493584,0,0.0557546,10,-144.317,-173.222
2.79238,0.493584,0,0.0557546,10,-144.317,-173.222
2.89235,0.493584,0,0.0557546,10,-144.317,-173.222
2.99238,0.495005,0,0.056429,10,-147.998,-173.222
3.09233,0.495005,0,0.056429,10,-147.998,-173.222
3.19234,0.495205,0,0.0566692,10,-151.641,-173.222
3.29235,0.495205,0,0.0566692,10,-151.641,-173.222
3.39234,0.495205,0,0.0566692,10,-151.641,-173.222
3.49235,0.494083,0,0.0571133,10,-155.138,-173.222
3.5924,0.494083,0,0.0571133,10,-155.138,-173.222
3.69234,0.492225,0,0.0570346,10,-158.487,-173.222
3.79235,0.492225,0,0.0570346,10,-158.487,-173.222
3.89232,0.491118,0,0.0566518,10,-161.369,-173.222
3.99236,0.491118,0,0.0566518,10,-161.369,-173.222
4.09237,0.491118,0,0.0566518,10,-161.369,-173.222
4.19241,0.492958,0,0.057887,10,-163.738,-173.222
4.29238,0.492958,0,0.057887,10,-163.738,-173.222
4.39229,0.494317,0,0.0589639,10,-165.422,-173.222
4.49239,0.494317,0,0.0589639,10,-165.422,-173.222
4.59227,0.495862,0,0.0585801,10,-166.484,-173.222
4.69238,0.495862,0,0.0585801,10,-166.484,-173.222
4.79239,0.495862,0,0.0585801,10,-166.484,-173.222
4.89239,0.497537,0,0.0571193,10,-167.275,-173.222
4.99241,0.497537,0,0.0571193,10,-167.275,-173.222
5.09231,0.499223,0,0.0548803,10,-167.936,-173.222
5.19235,0.499223,0,0.0548803,10,-167.936,-173.222
5.29227,0.502948,0,0.0529852,10,-168.627,-173.222
5.39238,0.502948,0,0.0529852,10,-168.627,-173.222
5.49233,0.502948,0,0.0529852,10,-168.627,-173.222
5.5923,0.504927,0,0.0487956,10,-169.401,-173.222
5.69234,0.504927,0,0.0487956,10,-169.401,-173.222
5.79233,0.504927,0,0.0487956,10,-169.401,-173.222
5.89233,0.504402,0,0.049413,10,-170.176,-173.222
5.99239,0.504402,0,0.049413,10,-170.176,-173.222
6.09239,0.499495,0,0.0806156,10,-170.909,-173.222
6.19235,0.499495,0,0.0806156,10,-170.909,-173.222
6.29227,0.487763,0,0.160962,10,-171.555,-173.222
6.39238,0.487763,0,0.160962,10,-171.555,-173.222
6.49238,0.487763,0,0.160962,10,-171.555,-173.222
6.59233,0.475546,0,0.278653,10,-171.912,-173.222
6.69238,0.475546,0,0.278653,10,-171.912,-173.222
6.79228,0.464484,0,0.412842,10,-172,-173.222
6.89236,0.464484,0,0.412842,10,-172,-173.222
6.99237,0.464484,0,0.412842,10,-172,-173.222
7.09236,0.454497,0,0.557648,10,-172.077,-173.222
7.19235,0.454497,0,0.557648,10,-172.077,-173.222
7.29236,0.442506,0,0.71583,10,-172.159,-173.222
7.39236,0.442506,0,0.71583,10,-172.159,-173.222
7.49231,0.429168,0,0.883559,10,-172.265,-173.222
7.59236,0.429168,0,0.883559,10,-172.265,-173.222
7.6923,0.419692,0,1.0561,10,-172.455,-173.222
7.79233,0.419692,0,1.0561,10,-172.455,-173.222
7.89235,0.419692,0,1.0561,10,-172.455,-173.222
7.99234,0.4097,0,1.22895,10,-172.673,-173.222
8.09233,0.4097,0,1.22895,10,-172.673,-173.222
8.19226,0.400611,0,1.40013,10,-172.888,-173.222
8.29235,0.400611,0,1.40013,10,-172.888,-173.222
8.39238,0.400611,0,1.40013,10,-172.888,-173.222
8.49233,0.39108,0,1.56854,10,-173.052,-173.222
8.59238,0.39108,0,1.56854,10,-173.052,-173.222
8.69238,0.38065,0,1.73227,10,-173.137,-173.222
8.79239,0.38065,0,1.73227,10,-173.137,-173.222
8.89228,0.372424,0,1.89156,10,-173.182,-173.222
8.99234,0.372424,0,1.89156,10,-173.182,-173.222
9.09238,0.372424,0,1.89156,10,-173.182,-173.222
9.19229,0.363916,0,2.04679,10,-173.206,-173.222
9.29235,0.363916,0,2.04679,10,-173.206,-173.222
9.39235,0.363916,0,2.04679,10,-173.206,-173.222
9.49233,0.354583,0,2.19819,10,-173.219,-173.222
9.59235,0.354583,0,2.19819,10,-173.219,-173.222
9.69231,0.344879,0,2.34616,10,-173.245,-173.222
9.79238,0.344879,0,2.34616,10,-173.245,-173.222
9.89227,0.33493,0,2.49109,10,-173.285,-173.222
9.99239,0.33493,0,2.49109,10,-173.285,-173.222
10.0923,0.33493,0,2.49109,10,-173.285,-173.222
10.1923,0.329335,0,2.63317,10,-173.362,-173.222
10.2924,0.329335,0,2.63317,10,-173.362,-173.222
10.3923,0.323259,0,2.7731,10,-173.425,-173.222
10.4924,0.323259,0,2.7731,10,-173.425,-173.222
10.5923,0.323259,0,2.7731,10,-173.425,-173.222
10.6923,0.315508,0,2.91055,10,-173.462,-173.222
10.7924,0.315508,0,2.91055,10,-173.462,-173.222
10.8924,0.306675,0,3.04666,10,-173.481,-173.222
10.9924,0.306675,0,3.04666,10,-173.481,-173.222
11.0923,0.297449,0,3.18269,10,-173.474,-173.222
11.1924,0.297449,0,3.18269,10,-173.474,-173.222
11.2923,0.297449,0,3.18269,10,-173.474,-173.222
11.3923,0.29168,0,3.31801,10,-173.494,-173.222
11.4924,0.29168,0,3.31801,10,-173.494,-173.222
11.5923,0.285249,0,3.45363,10,-173.507,-173.222
11.6924,0.285249,0,3.45363,10,-173.507,-173.222
11.7924,0.285249,0,3.45363,10,-173.507,-173.222
11.8923,0.277608,0,3.59009,10,-173.511,-173.222
11.9924,0.277608,0,3.59009,10,-173.511,-173.222
12.0924,0.269307,0,3.72792,10,-173.517,-173.222
12.1924,0.269307,0,3.72792,10,-173.517,-173.222
12.2923,0.26124,0,3.86689,10,-173.528,-173.222
12.3923,0.26124,0,3.86689,10,-173.528,-173.222
12.4923,0.26124,0,3.86689,10,-173.528,-173.222
12.5924,0.25568,0,4.00481,10,-173.559,-173.222
12.6924,0.25568,0,4.00481,10,-173.559,-173.222
12.7923,0.251475,0,4.1433,10,-173.598,-173.222
12.8923,0.251475,0,4.1433,10,-173.598,-173.222
12.9923,0.251475,0,4.1433,10,-173.598,-173.222
13.0924,0.247827,0,4.28354,10,-173.639,-173.222
13.1923,0.247827,0,4.28354,10,-173.639,-173.222
13.2923,0.24343,0,4.42637,10,-173.666,-173.222
13.3924,0.24343,0,4.42637,10,-173.666,-173.222
13.4923,0.238506,0,4.5698,10,-173.682,-173.222
13.5923,0.238506,0,4.5698,10,-173.682,-173.222
13.6923,0.238506,0,4.5698,10,-173.682,-173.222
13.7924,0.235047,0,4.71092,10,-173.713,-173.222
13.8924,0.235047,0,4.71092,10,-173.713,-173.222
13.9923,0.231226,0,4.85325,10,-173.74,-173.222
14.0923,0.231226,0,4.85325,10,-173.74,-173.222
14.1923,0.231226,0,4.85325,10,-173.74,-173.222
14.2923,0.227565,0,4.99643,10,-173.76,-173.222
14.3924,0.227565,0,4.99643,10,-173.76,-173.222
14.4924,0.223211,0,5.13989,10,-173.773,-173.222
14.5924,0.223211,0,5.13989,10,-173.773,-173.222
14.6923,0.217425,0,5.28315,10,-173.772,-173.222
14.7924,0.217425,0,5.28315,10,-173.772,-173.222
14.8923,0.217425,0,5.28315,10,-173.772,-173.222
14.9924,0.212918,0,5.4246,10,-173.782,-173.222
15.0923,0.212918,0,5.4246,10,-173.782,-173.222
15.1923,0.207619,0,5.56704,10,-173.783,-173.222
15.2924,0.207619,0,5.56704,10,-173.783,-173.222
15.3924,0.207619,0,5.56704,10,-173.783,-173.222
15.4924,0.202062,0,5.71016,10,-173.784,-173.222
15.5924,0.202062,0,5.71016,10,-173.784,-173.222
15.6924,0.195248,0,5.85435,10,-173.768,-173.222
15.7923,0.195248,0,5.85435,10,-173.768,-173.222
15.8923,0.187286,0,5.99846,10,-173.737,-173.222
15.9923,0.187286,0,5.99846,10,-173.737,-173.222
16.0924,0.187286,0,5.99846,10,-173.737,-173.222
16.1924,0.182079,0,6.14274,10,-173.747,-173.222
16.2923,0.182079,0,6.14274,10,-173.747,-173.222
16.3923,0.176003,0,6.28769,10,-173.742,-173.222
16.4924,0.176003,0,6.28769,10,-173.742,-173.222
16.5924,0.176003,0,6.28769,10,-173.742,-173.222
16.6923,0.168769,0,6.43381,10,-173.723,-173.222
16.7924,0.168769,0,6.43381,10,-173.723,-173.222
16.8924,0.161707,0,6.57995,10,-173.717,-173.222
16.9924,0.161707,0,6.57995,10,-173.717,-173.222
17.0924,0.154539,0,6.72645,10,-173.709,-173.222
17.1925,0.154539,0,6.72645,10,-173.709,-173.222
17.2924,0.154539,0,6.72645,10,-173.709,-173.222
17.3924,0.149938,0,6.87145,10,-173.746,-173.222
17.4923,0.149938,0,6.87145,10,-173.746,-173.222
17.5923,0.144921,0,7.01747,10,-173.772,-173.222
17.6924,0.144921,0,7.01747,10,-173.772,-173.222
17.7924,0.144921,0,7.01747,10,-173.772,-173.222
17.8923,0.138846,0,7.16304,10,-173.782,-173.222
17.9924,0.138846,0,7.16304,10,-173.782,-173.222
18.0923,0.132892,0,7.30935,10,-173.802,-173.222
18.1924,0.132892,0,7.30935,10,-173.802,-173.222
18.2924,0.127774,0,7.45702,10,-173.838,-173.222
18.3924,0.127774,0,7.45702,10,-173.838,-173.222
18.4923,0.127774,0,7.45702,10,-173.838,-173.222
18.5923,0.122742,0,7.60243,10,-173.866,-173.222
18.6924,0.122742,0,7.60243,10,-173.866,-173.222
18.7923,0.116623,0,7.74706,10,-173.871,-173.222
18.8923,0.116623,0,7.74706,10,-173.871,-173.222
18.9924,0.116623,0,7.74706,10,-173.871,-173.222
19.0923,0.109043,0,7.89119,10,-173.84,-173.222
19.1924,0.109043,0,7.89119,10,-173.84,-173.222
19.2924,0.101218,0,8.03576,10,-173.8,-173.222
19.3923,0.101218,0,8.03576,10,-173.8,-173.222
19.4923,0.0930807,0,8.1804,10,-173.747,-173.222
19.5924,0.0930807,0,8.1804,10,-173.747,-173.222
19.6923,0.0930807,0,8.1804,10,-173.747,-173.222
19.7924,0.0876772,0,8.32292,10,-173.792,-173.222
19.8923,0.0876772,0,8.32292,10,-173.792,-173.222
19.9923,0.0836729,0,8.4653,10,-173.908,-173.222
20.0923,0.0836729,0,8.4653,10,-173.908,-173.222
20.1924,0.0836729,0,8.4653,10,-173.908,-173.222
20.2923,0.078599,0,8.60971,10,-174.02,-173.222
20.3924,0.078599,0,8.60971,10,-174.02,-173.222
20.4923,0.0734947,0,8.755,10,-174.158,-173.222
20.5924,0.0734947,0,8.755,10,-174.158,-173.222
20.6923,0.0678784,0,8.89908,10,-174.277,-173.222
20.7924,0.0678784,0,8.89908,10,-174.277,-173.222
20.8923,0.0678784,0,8.89908,10,-174.277,-173.222
20.9923,0.0637684,0,9.04193,10,-174.499,-173.222
21.0923,0.0637684,0,9.04193,10,-174.499,-173.222
21.1923,0.0589997,0,9.18341,10,-174.732,-173.222
21.2923,0.0589997,0,9.18341,10,-174.732,-173.222
21.3924,0.0589997,0,9.18341,10,-174.732,-173.222
21.4923,0.05315,0,9.31734,10,-174.921,-173.222
21.4923,0.05315,0,9.31734,10,-174.921,-173.222
21.5922,0.05315,0,9.31734,10,-174.921,-173.222
21.6923,0.0463596,0,9.4396,10,-174.921,-173.222
21.7923,0.0463596,0,9.4396,10,-174.921,-173.222
21.8922,0.0395525,10,9.54616,10,-176.461,93.074
22.1923,0.0337395,10,9.62519,10,-175.88,93.074
22.2923,0.0337395,10,9.62519,10,-175.88,93.074
22.3923,0.0298208,10,9.66057,10,-175.725,93.074
22.4923,0.0298208,10,9.66057,10,-175.725,93.074
22.5923,0.0298208,10,9.66057,10,-175.725,93.074
22.6923,0.0257153,10,9.66619,10,-175.968,93.074
22.7923,0.0257153,10,9.66619,10,-175.968,93.074
22.8923,0.0197877,10,9.66142,10,-179.889,93.074
22.9923,0.0197877,10,9.66142,10,-179.889,93.074
23.0922,0.0154914,10,9.64727,10,170.852,93.074
23.1923,0.0154914,10,9.64727,10,170.852,93.074
23.2923,0.0154914,10,9.64727,10,170.852,93.074
23.3923,0.0134664,10,9.62153,10,158.692,93.074
23.4923,0.0134664,10,9.62153,10,158.692,93.074
23.5922,0.0127893,10,9.58962,10,146.6,93.074
23.6923,0.0127893,10,9.58962,10,146.6,93.074
23.7923,0.0127893,10,9.58962,10,146.6,93.074
23.8923,0.0132717,10,9.55542,10,136.459,93.074
23.9923,0.0132717,10,9.55542,10,136.459,93.074
24.0923,0.0152262,10,9.52264,10,128.994,93.074
24.1923,0.0152262,10,9.52264,10,128.994,93.074
24.2922,0.0176511,10,9.49399,10,123.846,93.074
24.3923,0.0176511,10,9.49399,10,123.846,93.074
24.4923,0.0176511,10,9.49399,10,123.846,93.074
24.5923,0.0226177,10,9.46819,10,119.653,93.074
24.6923,0.0226177,10,9.46819,10,119.653,93.074
24.7922,0.0273538,10,9.44635,10,116.122,93.074
24.8923,0.0273538,10,9.44635,10,116.122,93.074
24.9923,0.0273538,10,9.44635,10,116.122,93.074
25.0922,0.0308029,10,9.42895,10,112.847,93.074
25.1923,0.0308029,10,9.42895,10,112.847,93.074
25.2923,0.0334944,10,9.41609,10,109.496,93.074
25.3923,0.0334944,10,9.41609,10,109.496,93.074
25.4922,0.0358878,10,9.40728,10,106.352,93.074
25.5923,0.0358878,10,9.40728,10,106.352,93.074
25.6923,0.0358878,10,9.40728,10,106.352,93.074
25.7923,0.0385423,10,9.40077,10,103.54,93.074
25.8923,0.0385423,10,9.40077,10,103.54,93.074
25.9922,0.0404805,10,9.39817,10,101.429,93.074
26.0922,0.0404805,10,9.39817,10,101.429,93.074
26.1924,0.0404805,10,9.39817,10,101.429,93.074
26.2923,0.0397803,10,9.39938,10,100.055,93.074
26.3923,0.0397803,10,9.39938,10,100.055,93.074
26.4923,0.0372244,10,9.40366,10,99.1601,93.074
26.5924,0.0372244,10,9.40366,10,99.1601,93.074
26.6923,0.0349884,10,9.41018,10,98.5481,93.074
26.7923,0.0349884,10,9.41018,10,98.5481,93.074
26.8923,0.0349884,10,9.41018,10,98.5481,93.074
26.9923,0.0346094,10,9.41523,10,97.9165,93.074
27.0923,0.0346094,10,9.41523,10,97.9165,93.074
27.1923,0.0342663,10,9.42035,10,97.2029,93.074
27.2924,0.0342663,10,9.42035,10,97.2029,93.074
27.3923,0.0342663,10,9.42035,10,97.2029,93.074
27.4923,0.0349194,10,9.42635,10,96.4139,93.074
27.5923,0.0349194,10,9.42635,10,96.4139,93.074
27.6922,0.0539859,10,9.43476,10,95.6082,93.074
27.7923,0.0539859,10,9.43476,10,95.6082,93.074
27.8923,0.116749,10,9.44781,10,94.9273,93.074
27.9923,0.116749,10,9.44781,10,94.9273,93.074
28.0923,0.116749,10,9.44781,10,94.9273,93.074
28.1924,0.225555,10,9.46435,10,94.437,93.074
28.2923,0.225555,10,9.46435,10,94.437,93.074
28.3923,0.356113,10,9.48168,10,94.1688,93.074
28.4923,0.356113,10,9.48168,10,94.1688,93.074
28.5923,0.356113,10,9.48168,10,94.1688,93.074
28.6924,0.498871,10,9.49699,10,94.0441,93.074
28.7923,0.498871,10,9.49699,10,94.0441,93.074
28.8923,0.65449,10,9.51246,10,93.9612,93.074
28.9923,0.65449,10,9.51246,10,93.9612,93.074
29.0922,0.821196,10,9.52909,10,93.855,93.074
29.1923,0.821196,10,9.52909,10,93.855,93.074
29.2923,0.821196,10,9.52909,10,93.855,93.074
29.3923,0.993845,10,9.54315,10,93.6629,93.074
29.4923,0.993845,10,9.54315,10,93.6629,93.074
29.5923,1.16825,10,9.55575,10,93.4234,93.074
29.6923,1.16825,10,9.55575,10,93.4234,93.074
29.7923,1.16825,10,9.55575,10,93.4234,93.074
29.8923,1.34187,10,9.56776,10,93.187,93.074
29.9923,1.34187,10,9.56776,10,93.187,93.074
30.0923,1.51348,10,9.57856,10,92.9833,93.074
30.1923,1.51348,10,9.57856,10,92.9833,93.074
30.2922,1.6819,10,9.58899,10,92.8408,93.074
30.3923,1.6819,10,9.58899,10,92.8408,93.074
30.4923,1.6819,10,9.58899,10,92.8408,93.074
30.5923,1.84658,10,9.59737,10,92.7433,93.074
30.6923,1.84658,10,9.59737,10,92.7433,93.074
30.7922,2.00592,10,9.60516,10,92.6894,93.074
30.8923,2.00592,10,9.60516,10,92.6894,93.074
30.9923,2.00592,10,9.60516,10,92.6894,93.074
31.0923,2.15965,10,9.61268,10,92.6536,93.074
31.1923,2.15965,10,9.61268,10,92.6536,93.074
31.2923,2.30971,10,9.61992,10,92.6174,93.074
31.3923,2.30971,10,9.61992,10,92.6174,93.074
31.4922,2.45463,10,9.62628,10,92.5641,93.074
31.5923,2.45463,10,9.62628,10,92.5641,93.074
31.6923,2.45463,10,9.62628,10,92.5641,93.074
31.7923,2.59791,10,9.63063,10,92.4711,93.074
31.8923,2.59791,10,9.63063,10,92.4711,93.074
31.9922,2.73872,10,9.63638,10,92.3936,93.074
32.0923,2.73872,10,9.63638,10,92.3936,93.074
32.1923,2.73872,10,9.63638,10,92.3936,93.074
32.2923,2.87717,10,9.64233,10,92.3333,93.074
32.3923,2.87717,10,9.64233,10,92.3333,93.074
32.4923,3.01322,10,9.64797,10,92.2863,93.074
32.5923,3.01322,10,9.64797,10,92.2863,93.074
32.6922,3.14873,10,9.65374,10,92.2612,93.074
32.7923,3.14873,10,9.65374,10,92.2612,93.074
32.8923,3.14873,10,9.65374,10,92.2612,93.074
32.9923,3.28545,10,9.65898,10,92.2449,93.074
33.0923,3.28545,10,9.65898,10,92.2449,93.074
33.1923,3.42202,10,9.66522,10,92.2459,93.074
33.2923,3.42202,10,9.66522,10,92.2459,93.074
33.3923,3.42202,10,9.66522,10,92.2459,93.074
33.4923,3.55876,10,9.67172,10,92.2465,93.074
33.5923,3.55876,10,9.67172,10,92.2465,93.074
33.6923,3.69534,10,9.67699,10,92.2329,93.074
33.7923,3.69534,10,9.67699,10,92.2329,93.074
33.8923,3.69534,10,9.67699,10,92.2329,93.074
33.9922,3.83463,10,9.68203,10,92.2042,93.074
34.0922,3.83463,10,9.68203,10,92.2042,93.074
34.1923,3.97396,10,9.68548,10,92.1533,93.074
34.2923,3.97396,10,9.68548,10,92.1533,93.074
34.3922,4.11288,10,9.69026,10,92.1201,93.074
34.4923,4.11288,10,9.69026,10,92.1201,93.074
34.5923,4.11288,10,9.69026,10,92.1201,93.074
34.6923,4.25286,10,9.6954,10,92.0937,93.074
34.7923,4.25286,10,9.6954,10,92.0937,93.074
34.8924,4.39576,10,9.70169,10,92.0861,93.074
34.9923,4.39576,10,9.70169,10,92.0861,93.074
35.0923,4.39576,10,9.70169,10,92.0861,93.074
35.1923,4.53941,10,9.70822,10,92.0938,93.074
35.2923,4.53941,10,9.70822,10,92.0938,93.074
35.3923,4.68385,10,9.71345,10,92.0897,93.074
35.4923,4.68385,10,9.71345,10,92.0897,93.074
35.5922,4.82763,10,9.71839,10,92.0866,93.074
35.6923,4.82763,10,9.71839,10,92.0866,93.074
35.7923,4.82763,10,9.71839,10,92.0866,93.074
35.8923,4.97132,10,9.72374,10,92.0799,93.074
35.9923,4.97132,10,9.72374,10,92.0799,93.074
36.0922,5.11548,10,9.72986,10,92.0722,93.074
36.1923,5.11548,10,9.72986,10,92.0722,93.074
36.2923,5.11548,10,9.72986,10,92.0722,93.074
36.3923,5.25892,10,9.73513,10,92.0484,93.074
36.4923,5.25892,10,9.73513,10,92.0484,93.074
36.5923,5.40085,10,9.73969,10,92.0194,93.074
36.6923,5.40085,10,9.73969,10,92.0194,93.074
36.7922,5.5436,10,9.74442,10,91.9935,93.074
36.8923,5.5436,10,9.74442,10,91.9935,93.074
36.9923,5.5436,10,9.74442,10,91.9935,93.074
37.0922,5.68664,10,9.74971,10,91.9864,93.074
37.1923,5.68664,10,9.74971,10,91.9864,93.074
37.2923,5.8294,10,9.75342,10,91.9554,93.074
37.3923,5.8294,10,9.75342,10,91.9554,93.074
37.4923,5.8294,10,9.75342,10,91.9554,93.074
37.5923,5.97283,10,9.75865,10,91.9429,93.074
37.6923,5.97283,10,9.75865,10,91.9429,93.074
37.7923,6.11481,10,9.76367,10,91.9247,93.074
37.8923,6.11481,10,9.76367,10,91.9247,93.074
37.9922,6.25783,10,9.76768,10,91.8827,93.074
38.0923,6.25783,10,9.76768,10,91.8827,93.074
38.1923,6.25783,10,9.76768,10,91.8827,93.074
38.2923,6.40135,10,9.77279,10,91.8603,93.074
38.3923,6.40135,10,9.77279,10,91.8603,93.074
38.4923,6.54512,10,9.77775,10,91.8291,93.074
38.5923,6.54512,10,9.77775,10,91.8291,93.074
38.6923,6.54512,10,9.77775,10,91.8291,93.074
38.7923,6.6886,10,9.78247,10,91.7931,93.074
38.8923,6.6886,10,9.78247,10,91.7931,93.074
38.9923,6.83334,10,9.78583,10,91.7328,93.074
39.0923,6.83334,10,9.78583,10,91.7328,93.074
39.1923,6.9798,10,9.78937,10,91.6814,93.074
39.2923,6.9798,10,9.78937,10,91.6814,93.074
39.3923,6.9798,10,9.78937,10,91.6814,93.074
39.4923,7.12621,10,9.79488,10,91.6616,93.074
39.5923,7.12621,10,9.79488,10,91.6616,93.074
39.6922,7.27305,10,9.80208,10,91.664,93.074
39.7923,7.27305,10,9.80208,10,91.664,93.074
39.8923,7.27305,10,9.80208,10,91.664,93.074
39.9923,7.41875,10,9.81079,10,91.6968,93.074
40.0924,7.41875,10,9.81079,10,91.6968,93.074
40.1923,7.56329,10,9.82051,10,91.7487,93.074
40.2923,7.56329,10,9.82051,10,91.7487,93.074
40.3922,7.7076,10,9.82946,10,91.7863,93.074
40.4923,7.7076,10,9.82946,10,91.7863,93.074
40.5923,7.7076,10,9.82946,10,91.7863,93.074
40.6923,7.85214,10,9.83881,10,91.8254,93.074
40.7923,7.85214,10,9.83881,10,91.8254,93.074
40.8923,7.99767,10,9.84842,10,91.8477,93.074
40.9923,7.99767,10,9.84842,10,91.8477,93.074
41.0923,7.99767,10,9.84842,10,91.8477,93.074
41.1923,8.14441,10,9.85683,10,91.8082,93.074
41.2923,8.14441,10,9.85683,10,91.8082,93.074
41.3923,8.29021,10,9.86667,10,91.7985,93.074
41.4923,8.29021,10,9.86667,10,91.7985,93.074
41.5922,8.43676,10,9.87801,10,91.8375,93.074
41.6923,8.43676,10,9.87801,10,91.8375,93.074
41.7923,8.43676,10,9.87801,10,91.8375,93.074
41.8923,8.5829,10,9.88756,10,91.8098,93.074
41.9923,8.5829,10,9.88756,10,91.8098,93.074
42.0922,8.72825,10,9.89778,10,91.8148,93.074
42.1923,8.72825,10,9.89778,10,91.8148,93.074
42.2923,8.72825,10,9.89778,10,91.8148,93.074
42.3923,8.87253,10,9.90847,10,91.829,93.074
42.4923,8.87253,10,9.90847,10,91.829,93.074
42.5923,9.01516,10,9.91669,10,91.6893,93.074
42.6923,9.01516,10,9.91669,10,91.6893,93.074
42.7922,9.15717,10,9.92376,10,91.4088,93.074
42.8925,9.15717,10,9.92376,10,91.4088,93.074
42.9922,9.15717,10,9.92376,10,91.4088,93.074
43.0923,9.29451,10,9.93227,10,91.1466,93.074
43.0923,9.29451,10,9.93227,10,91.1466,93.074
43.1922,9.29451,10,9.93227,10,91.1466,93.074
43.2922,9.41788,10,9.94066,10,91.1466,93.074
43.3922,9.41788,10,9.94066,10,91.1466,93.074
43.4922,9.52398,10,9.9474,0,94.7542,3.74694
43.7923,9.6031,10,9.95207,0,95.3203,3.74694
43.8924,9.6031,10,9.95207,0,95.3203,3.74694
43.9923,9.63707,10,9.95453,0,95.5376,3.74694
44.0923,9.63707,10,9.95453,0,95.5376,3.74694
44.1923,9.63707,10,9.95453,0,95.5376,3.74694
44.2924,9.64139,10,9.95675,0,95.2262,3.74694
44.3923,9.64139,10,9.95675,0,95.2262,3.74694
44.4924,9.6351,10,9.95986,0,90.9895,3.74694
44.5923,9.6351,10,9.95986,0,90.9895,3.74694
44.6924,9.6351,10,9.95986,0,90.9895,3.74694
44.7923,9.61941,10,9.9617,0,81.5265,3.74694
44.8923,9.61941,10,9.9617,0,81.5265,3.74694
44.9923,9.5922,10,9.96162,0,69.2817,3.74694
45.0923,9.5922,10,9.96162,0,69.2817,3.74694
45.1922,9.55875,10,9.95998,0,57.2627,3.74694
45.2923,9.55875,10,9.95998,0,57.2627,3.74694
45.3923,9.55875,10,9.95998,0,57.2627,3.74694
45.4923,9.5244,10,9.95566,0,47.2028,3.74694
45.5924,9.5244,10,9.95566,0,47.2028,3.74694
45.6924,9.492,10,9.9506,0,39.8074,3.74694
45.7923,9.492,10,9.9506,0,39.8074,3.74694
45.8924,9.492,10,9.9506,0,39.8074,3.74694
45.9923,9.46265,10,9.94555,0,34.6698,3.74694
46.0923,9.46265,10,9.94555,0,34.6698,3.74694
46.1923,9.43653,10,9.93983,0,30.4287,3.74694
46.2923,9.43653,10,9.93983,0,30.4287,3.74694
46.3922,9.41549,10,9.93554,0,26.7891,3.74694
46.4923,9.41549,10,9.93554,0,26.7891,3.74694
46.5923,9.41549,10,9.93554,0,26.7891,3.74694
46.6924,9.39892,10,9.93067,0,23.1568,3.74694
46.7923,9.39892,10,9.93067,0,23.1568,3.74694
46.8924,9.38646,10,9.92686,0,19.7125,3.74694
46.9923,9.38646,10,9.92686,0,19.7125,3.74694
47.0923,9.38646,10,9.92686,0,19.7125,3.74694
47.1923,9.37727,10,9.92496,0,16.6389,3.74694
47.2923,9.37727,10,9.92496,0,16.6389,3.74694
47.3923,9.37186,10,9.92474,0,14.0143,3.74694
47.4923,9.37186,10,9.92474,0,14.0143,3.74694
47.5923,9.36996,10,9.92551,0,12.019,3.74694
47.6924,9.36996,10,9.92551,0,12.019,3.74694
47.7923,9.36996,10,9.92551,0,12.019,3.74694
47.8924,9.37014,10,9.92717,0,10.521,3.74694
47.9923,9.37014,10,9.92717,0,10.521,3.74694
48.0923,9.37268,10,9.92974,0,9.50317,3.74694
48.1923,9.37268,10,9.92974,0,9.50317,3.74694
48.2923,9.37268,10,9.92974,0,9.50317,3.74694
48.3925,9.37663,10,9.93293,0,8.77307,3.74694
48.4924,9.37663,10,9.93293,0,8.77307,3.74694
48.5924,9.38196,10,9.93453,0,8.09007,3.74694
48.6925,9.38196,10,9.93453,0,8.09007,3.74694
48.7923,9.38819,10,9.93487,0,7.38186,3.74694
48.8924,9.38819,10,9.93487,0,7.38186,3.74694
48.9923,9.38819,10,9.93487,0,7.38186,3.74694
49.0923,9.39482,10,9.93252,0,6.61144,3.74694
49.1923,9.39482,10,9.93252,0,6.61144,3.74694
49.2923,9.40478,10,9.90581,0,5.91695,3.74694
49.3923,9.40478,10,9.90581,0,5.91695,3.74694
49.4924,9.40478,10,9.90581,0,5.91695,3.74694
49.5923,9.41943,10,9.83019,0,5.45884,3.74694
49.6923,9.41943,10,9.83019,0,5.45884,3.74694
49.7923,9.4367,10,9.71357,0,5.06867,3.74694
49.8924,9.4367,10,9.71357,0,5.06867,3.74694
49.9922,9.45522,10,9.5787,0,4.6635,3.74694
50.0923,9.45522,10,9.5787,0,4.6635,3.74694
50.1924,9.45522,10,9.5787,0,4.6635,3.74694
50.2923,9.47267,10,9.43321,0,4.4072,3.74694
50.3923,9.47267,10,9.43321,0,4.4072,3.74694
50.4922,9.4898,10,9.27423,0,4.2253,3.74694
50.5924,9.4898,10,9.27423,0,4.2253,3.74694
50.6924,9.4898,10,9.27423,0,4.2253,3.74694
50.7924,9.50603,10,9.10431,0,4.03782,3.74694
50.8923,9.50603,10,9.10431,0,4.03782,3.74694
50.9923,9.52154,10,8.92837,0,3.82831,3.74694
51.0923,9.52154,10,8.92837,0,3.82831,3.74694
51.1922,9.53497,10,8.75236,0,3.61144,3.74694
51.2923,9.53497,10,8.75236,0,3.61144,3.74694
51.3924,9.53497,10,8.75236,0,3.61144,3.74694
51.4924,9.54757,10,8.57728,0,3.40903,3.74694
51.5924,9.54757,10,8.57728,0,3.40903,3.74694
51.6923,9.55816,10,8.40364,0,3.23931,3.74694
51.7923,9.55816,10,8.40364,0,3.23931,3.74694
51.8924,9.55816,10,8.40364,0,3.23931,3.74694
51.9924,9.56742,10,8.23405,0,3.11063,3.74694
52.0923,9.56742,10,8.23405,0,3.11063,3.74694
52.1923,9.57612,10,8.06877,0,3.01375,3.74694
52.2924,9.57612,10,8.06877,0,3.01375,3.74694
52.3922,9.58308,10,7.90936,0,2.93897,3.74694
52.4923,9.58308,10,7.90936,0,2.93897,3.74694
52.5924,9.58308,10,7.90936,0,2.93897,3.74694
52.6923,9.58917,10,7.75375,0,2.87358,3.74694
52.7924,9.58917,10,7.75375,0,2.87358,3.74694
52.8922,9.59454,10,7.60288,0,2.80064,3.74694
52.9923,9.59454,10,7.60288,0,2.80064,3.74694
53.0923,9.59454,10,7.60288,0,2.80064,3.74694
53.1923,9.59908,10,7.45682,0,2.71676,3.74694
53.2924,9.59908,10,7.45682,0,2.71676,3.74694
53.3924,9.60275,10,7.31455,0,2.62736,3.74694
53.4924,9.60275,10,7.31455,0,2.62736,3.74694
53.5922,9.60532,10,7.17352,0,2.53948,3.74694
53.6923,9.60532,10,7.17352,0,2.53948,3.74694
53.7923,9.60532,10,7.17352,0,2.53948,3.74694
53.8923,9.60782,10,7.03384,0,2.46341,3.74694
53.9923,9.60782,10,7.03384,0,2.46341,3.74694
54.0922,9.61203,10,6.89585,0,2.42341,3.74694
54.1923,9.61203,10,6.89585,0,2.42341,3.74694
54.2923,9.61203,10,6.89585,0,2.42341,3.74694
54.3923,9.61566,10,6.75895,0,2.39546,3.74694
54.4924,9.61566,10,6.75895,0,2.39546,3.74694
54.5923,9.61835,10,6.62173,0,2.37011,3.74694
54.6923,9.61835,10,6.62173,0,2.37011,3.74694
54.7922,9.6215,10,6.48396,0,2.35507,3.74694
54.8923,9.6215,10,6.48396,0,2.35507,3.74694
54.9923,9.6215,10,6.48396,0,2.35507,3.74694
55.0923,9.62411,10,6.34643,0,2.32617,3.74694
55.1923,9.62411,10,6.34643,0,2.32617,3.74694
55.2922,9.62678,10,6.20903,0,2.28934,3.74694
55.3923,9.62678,10,6.20903,0,2.28934,3.74694
55.4923,9.62678,10,6.20903,0,2.28934,3.74694
55.5924,9.63004,10,6.06892,0,2.25049,3.74694
55.6923,9.63004,10,6.06892,0,2.25049,3.74694
55.7923,9.63368,10,5.92812,0,2.21147,3.74694
55.8923,9.63368,10,5.92812,0,2.21147,3.74694
55.9922,9.6379,10,5.78779,0,2.18858,3.74694
56.0923,9.6379,10,5.78779,0,2.18858,3.74694
56.1923,9.6379,10,5.78779,0,2.18858,3.74694
56.2923,9.64198,10,5.64672,0,2.17572,3.74694
56.3924,9.64198,10,5.64672,0,2.17572,3.74694
56.4923,9.64689,10,5.50482,0,2.18235,3.74694
56.5924,9.64689,10,5.50482,0,2.18235,3.74694
56.6923,9.64689,10,5.50482,0,2.18235,3.74694
56.7924,9.65101,10,5.36134,0,2.17472,3.74694
56.8923,9.65101,10,5.36134,0,2.17472,3.74694
56.9923,9.65486,10,5.21821,0,2.15678,3.74694
57.0923,9.65486,10,5.21821,0,2.15678,3.74694
57.1922,9.65892,10,5.07583,0,2.13297,3.74694
57.2924,9.65892,10,5.07583,0,2.13297,3.74694
57.3924,9.65892,10,5.07583,0,2.13297,3.74694
57.4923,9.66391,10,4.93288,0,2.11411,3.74694
57.5923,9.66391,10,4.93288,0,2.11411,3.74694
57.6922,9.67103,10,4.78914,0,2.12238,3.74694
57.7923,9.67103,10,4.78914,0,2.12238,3.74694
57.8923,9.67103,10,4.78914,0,2.12238,3.74694
57.9924,9.67903,10,4.64377,0,2.14563,3.74694
58.0923,9.67903,10,4.64377,0,2.14563,3.74694
58.1924,9.68575,10,4.49849,0,2.15738,3.74694
58.2924,9.68575,10,4.49849,0,2.15738,3.74694
58.3923,9.69298,10,4.35201,0,2.1678,3.74694
58.4924,9.69298,10,4.35201,0,2.1678,3.74694
58.5923,9.69298,10,4.35201,0,2.1678,3.74694
58.6923,9.70096,10,4.2065,0,2.17814,3.74694
58.7924,9.70096,10,4.2065,0,2.17814,3.74694
58.8922,9.70919,10,4.05925,0,2.184,3.74694
58.9923,9.70919,10,4.05925,0,2.184,3.74694
59.0923,9.70919,10,4.05925,0,2.184,3.74694
59.1924,9.71674,10,3.91264,0,2.17149,3.74694
59.2924,9.71674,10,3.91264,0,2.17149,3.74694
59.3923,9.72458,10,3.7679,0,2.16587,3.74694
59.4923,9.72458,10,3.7679,0,2.16587,3.74694
59.5922,9.7315,10,3.62473,0,2.15085,3.74694
59.6923,9.7315,10,3.62473,0,2.15085,3.74694
59.7924,9.7315,10,3.62473,0,2.15085,3.74694
59.8923,9.73801,10,3.4806,0,2.1232,3.74694
59.9924,9.73801,10,3.4806,0,2.1232,3.74694
60.0922,9.7448,10,3.33513,0,2.09508,3.74694
60.1924,9.7448,10,3.33513,0,2.09508,3.74694
60.2924,9.7448,10,3.33513,0,2.09508,3.74694
60.3923,9.75166,10,3.18894,0,2.05818,3.74694
60.4923,9.75166,10,3.18894,0,2.05818,3.74694
60.5923,9.75779,10,3.04403,0,2.00411,3.74694
60.6924,9.75779,10,3.04403,0,2.00411,3.74694
60.7922,9.76473,10,2.89973,0,1.96645,3.74694
60.8923,9.76473,10,2.89973,0,1.96645,3.74694
60.9923,9.76473,10,2.89973,0,1.96645,3.74694
61.0923,9.77303,10,2.75649,0,1.9593,3.74694
61.1924,9.77303,10,2.75649,0,1.9593,3.74694
61.2922,9.78159,10,2.6132,0,1.96061,3.74694
61.3924,9.78159,10,2.6132,0,1.96061,3.74694
61.4923,9.78159,10,2.6132,0,1.96061,3.74694
61.5923,9.78872,10,2.46991,0,1.93064,3.74694
61.6924,9.78872,10,2.46991,0,1.93064,3.74694
61.7923,9.79662,10,2.32745,0,1.90549,3.74694
61.8923,9.79662,10,2.32745,0,1.90549,3.74694
61.9923,9.79662,10,2.32745,0,1.90549,3.74694
62.0923,9.80428,10,2.18452,0,1.85022,3.74694
62.1923,9.80428,10,2.18452,0,1.85022,3.74694
62.2923,9.81204,10,2.04195,0,1.77892,3.74694
62.3923,9.81204,10,2.04195,0,1.77892,3.74694
62.4922,9.82084,10,1.89857,0,1.72435,3.74694
62.5923,9.82084,10,1.89857,0,1.72435,3.74694
62.6923,9.82084,10,1.89857,0,1.72435,3.74694
62.7924,9.82953,10,1.75478,0,1.65957,3.74694
62.8924,9.82953,10,1.75478,0,1.65957,3.74694
62.9923,9.8386,10,1.60939,0,1.58392,3.74694
63.0923,9.8386,10,1.60939,0,1.58392,3.74694
63.1922,9.84848,10,1.46431,0,1.51593,3.74694
63.2923,9.84848,10,1.46431,0,1.51593,3.74694
63.3923,9.84848,10,1.46431,0,1.51593,3.74694
63.4923,9.85776,10,1.31904,0,1.3896,3.74694
63.5923,9.85776,10,1.31904,0,1.3896,3.74694
63.6923,9.86788,10,1.17431,0,1.25727,3.74694
63.7923,9.86788,10,1.17431,0,1.25727,3.74694
63.8923,9.86788,10,1.17431,0,1.25727,3.74694
63.9923,9.87913,10,1.03111,0,1.13212,3.74694
64.0929,9.87913,10,1.03111,0,1.13212,3.74694
64.1923,9.89084,10,0.887801,0,0.963074,3.74694
64.2925,9.89084,10,0.887801,0,0.963074,3.74694
64.3923,9.90166,10,0.745831,0,0.639002,3.74694
64.4924,9.90166,10,0.745831,0,0.639002,3.74694
64.5924,9.90166,10,0.745831,0,0.639002,3.74694
64.6923,9.91028,10,0.614169,0,0.0226741,3.74694
64.6923,9.91028,10,0.614169,0,0.0226741,3.74694
64.7922,9.91028,10,0.614169,0,0.0226741,3.74694
64.8923,9.91682,10,0.502261,0,0.0226741,3.74694
64.9922,9.91682,10,0.502261,0,0.0226741,3.74694
65.0922,9.92236,0,0.407765,0,7.86011,-84.8933
65.3923,9.92697,0,0.339459,0,8.47707,-84.8933
65.4923,9.92697,0,0.339459,0,8.47707,-84.8933
65.5923,9.92697,0,0.339459,0,8.47707,-84.8933
65.6923,9.92802,0,0.313162,0,8.72317,-84.8933
65.7923,9.92802,0,0.313162,0,8.72317,-84.8933
65.8923,9.92826,0,0.311857,0,8.24131,-84.8933
65.9923,9.92826,0,0.311857,0,8.24131,-84.8933
66.0922,9.9307,0,0.320276,0,3.7284,-84.8933
66.1923,9.9307,0,0.320276,0,3.7284,-84.8933
66.2923,9.9307,0,0.320276,0,3.7284,-84.8933
66.3923,9.93276,0,0.338862,0,-5.928,-84.8933
66.4923,9.93276,0,0.338862,0,-5.928,-84.8933
66.5923,9.93353,0,0.367173,0,-18.2706,-84.8933
66.6923,9.93353,0,0.367173,0,-18.2706,-84.8933
66.7922,9.93316,0,0.40094,0,-30.3005,-84.8933
66.8923,9.93316,0,0.40094,0,-30.3005,-84.8933
66.9923,9.93316,0,0.40094,0,-30.3005,-84.8933
67.0922,9.93158,0,0.433997,0,-40.2107,-84.8933
67.1923,9.93158,0,0.433997,0,-40.2107,-84.8933
67.2922,9.92836,0,0.464261,0,-47.4595,-84.8933
67.3923,9.92836,0,0.464261,0,-47.4595,-84.8933
67.4923,9.92836,0,0.464261,0,-47.4595,-84.8933
67.5923,9.92408,0,0.491777,0,-52.6427,-84.8933
67.6923,9.92408,0,0.491777,0,-52.6427,-84.8933
67.7923,9.91901,0,0.514431,0,-57.063,-84.8933
67.8923,9.91901,0,0.514431,0,-57.063,-84.8933
67.9922,9.9131,0,0.532515,0,-61.013,-84.8933
68.0923,9.9131,0,0.532515,0,-61.013,-84.8933
68.1923,9.9131,0,0.532515,0,-61.013,-84.8933
68.2923,9.90738,0,0.546147,0,-64.9827,-84.8933
68.3923,9.90738,0,0.546147,0,-64.9827,-84.8933
68.4922,9.90433,0,0.555968,0,-68.6937,-84.8933
68.5923,9.90433,0,0.555968,0,-68.6937,-84.8933
68.6923,9.90433,0,0.555968,0,-68.6937,-84.8933
68.7923,9.90318,0,0.562441,0,-71.8972,-84.8933
68.8923,9.90318,0,0.562441,0,-71.8972,-84.8933
68.9922,9.90309,0,0.564812,0,-74.5471,-84.8933
69.0922,9.90309,0,0.564812,0,-74.5471,-84.8933
69.1922,9.9021,0,0.564034,0,-76.4777,-84.8933
69.2923,9.9021,0,0.564034,0,-76.4777,-84.8933
69.3923,9.9021,0,0.564034,0,-76.4777,-84.8933
69.4922,9.90118,0,0.561602,0,-77.9228,-84.8933
69.5923,9.90118,0,0.561602,0,-77.9228,-84.8933
69.6922,9.90065,0,0.556856,0,-78.9343,-84.8933
69.7923,9.90065,0,0.556856,0,-78.9343,-84.8933
69.8923,9.90065,0,0.556856,0,-78.9343,-84.8933
69.9923,9.90107,0,0.551669,0,-79.7331,-84.8933
70.0923,9.90107,0,0.551669,0,-79.7331,-84.8933
70.1923,9.90232,0,0.548183,0,-80.547,-84.8933
70.2923,9.90232,0,0.548183,0,-80.547,-84.8933
70.3923,9.90232,0,0.548183,0,-80.547,-84.8933
70.4923,9.90338,0,0.54607,0,-81.4105,-84.8933
70.5923,9.90338,0,0.54607,0,-81.4105,-84.8933
70.6922,9.90109,0,0.543284,0,-82.3117,-84.8933
70.7923,9.90109,0,0.543284,0,-82.3117,-84.8933
70.8922,9.90109,0,0.543284,0,-82.3117,-84.8933
70.9922,9.87381,0,0.535036,0,-83.1098,-84.8933
71.0923,9.87381,0,0.535036,0,-83.1098,-84.8933
71.1923,9.79783,0,0.520595,0,-83.7513,-84.8933
71.2923,9.79783,0,0.520595,0,-83.7513,-84.8933
71.3922,9.67975,0,0.50545,0,-84.2037,-84.8933
71.4924,9.67975,0,0.50545,0,-84.2037,-84.8933
71.5922,9.54203,0,0.490812,0,-84.5118,-84.8933
71.6922,9.54203,0,0.490812,0,-84.5118,-84.8933
71.7923,9.54203,0,0.490812,0,-84.5118,-84.8933
71.8923,9.3929,0,0.475649,0,-84.6831,-84.8933
71.9923,9.3929,0,0.475649,0,-84.6831,-84.8933
72.0922,9.23066,0,0.459911,0,-84.8016,-84.8933
72.1923,9.23066,0,0.459911,0,-84.8016,-84.8933
72.2923,9.23066,0,0.459911,0,-84.8016,-84.8933
72.3923,9.05651,0,0.444805,0,-84.9416,-84.8933
72.4923,9.05651,0,0.444805,0,-84.9416,-84.8933
72.5923,8.87604,0,0.431906,0,-85.1392,-84.8933
72.6922,8.87604,0,0.431906,0,-85.1392,-84.8933
72.7923,8.87604,0,0.431906,0,-85.1392,-84.8933
72.8923,8.6944,0,0.420052,0,-85.378,-84.8933
72.9923,8.6944,0,0.420052,0,-85.378,-84.8933
73.0922,8.51539,0,0.409014,0,-85.6252,-84.8933
73.1923,8.51539,0,0.409014,0,-85.6252,-84.8933
73.2922,8.51539,0,0.409014,0,-85.6252,-84.8933
73.3923,8.34036,0,0.399,0,-85.8358,-84.8933
73.4922,8.34036,0,0.399,0,-85.8358,-84.8933
73.5923,8.17039,0,0.391361,0,-86.0016,-84.8933
73.6923,8.17039,0,0.391361,0,-86.0016,-84.8933
73.7922,8.00501,0,0.384763,0,-86.1038,-84.8933
73.8923,8.00501,0,0.384763,0,-86.1038,-84.8933
73.9922,7.8442,0,0.379254,0,-86.1732,-84.8933
74.0923,7.8442,0,0.379254,0,-86.1732,-84.8933
74.1923,7.8442,0,0.379254,0,-86.1732,-84.8933
74.2923,7.68802,0,0.375231,0,-86.2345,-84.8933
74.3923,7.68802,0,0.375231,0,-86.2345,-84.8933
74.4922,7.68802,0,0.375231,0,-86.2345,-84.8933
74.5923,7.53534,0,0.373696,0,-86.31,-84.8933
74.6923,7.53534,0,0.373696,0,-86.31,-84.8933
74.7923,7.38736,0,0.372202,0,-86.3917,-84.8933
74.8923,7.38736,0,0.372202,0,-86.3917,-84.8933
74.9922,7.24183,0,0.369736,0,-86.4773,-84.8933
75.0923,7.24183,0,0.369736,0,-86.4773,-84.8933
75.1923,7.24183,0,0.369736,0,-86.4773,-84.8933
75.2923,7.09877,0,0.368283,0,-86.5816,-84.8933
75.3923,7.09877,0,0.368283,0,-86.5816,-84.8933
75.4922,6.9575,0,0.367725,0,-86.6734,-84.8933
75.5923,6.9575,0,0.367725,0,-86.6734,-84.8933
75.6922,6.81857,0,0.367071,0,-86.7341,-84.8933
75.7923,6.81857,0,0.367071,0,-86.7341,-84.8933
75.8923,6.81857,0,0.367071,0,-86.7341,-84.8933
75.9923,6.68017,0,0.366448,0,-86.7776,-84.8933
76.0923,6.68017,0,0.366448,0,-86.7776,-84.8933
76.1923,6.54262,0,0.364261,0,-86.7903,-84.8933
76.2923,6.54262,0,0.364261,0,-86.7903,-84.8933
76.3922,6.54262,0,0.364261,0,-86.7903,-84.8933
76.4923,6.40409,0,0.362238,0,-86.8007,-84.8933
76.5923,6.40409,0,0.362238,0,-86.8007,-84.8933
76.6923,6.2648,0,0.360223,0,-86.8183,-84.8933
76.7923,6.2648,0,0.360223,0,-86.8183,-84.8933
76.8922,6.2648,0,0.360223,0,-86.8183,-84.8933
76.9923,6.12425,0,0.359483,0,-86.8565,-84.8933
77.0922,6.12425,0,0.359483,0,-86.8565,-84.8933
77.1923,5.98299,0,0.358253,0,-86.9003,-84.8933
77.2923,5.98299,0,0.358253,0,-86.9003,-84.8933
77.3922,5.84187,0,0.354574,0,-86.9206,-84.8933
77.4923,5.84187,0,0.354574,0,-86.9206,-84.8933
77.5922,5.84187,0,0.354574,0,-86.9206,-84.8933
77.6923,5.69979,0,0.351458,0,-86.9468,-84.8933
77.7923,5.69979,0,0.351458,0,-86.9468,-84.8933
77.8923,5.55767,0,0.347855,0,-86.9543,-84.8933
77.9923,5.55767,0,0.347855,0,-86.9543,-84.8933
78.0923,5.55767,0,0.347855,0,-86.9543,-84.8933
78.1923,5.41496,0,0.343574,0,-86.9487,-84.8933
78.2923,5.41496,0,0.343574,0,-86.9487,-84.8933
78.3923,5.2722,0,0.339,0,-86.9403,-84.8933
78.4923,5.2722,0,0.339,0,-86.9403,-84.8933
78.5923,5.12911,0,0.335066,0,-86.942,-84.8933
78.6923,5.12911,0,0.335066,0,-86.942,-84.8933
78.7923,5.12911,0,0.335066,0,-86.942,-84.8933
78.8923,4.98601,0,0.331347,0,-86.9505,-84.8933
78.9923,4.98601,0,0.331347,0,-86.9505,-84.8933
79.0922,4.8422,0,0.327514,0,-86.9727,-84.8933
79.1923,4.8422,0,0.327514,0,-86.9727,-84.8933
79.2922,4.69902,0,0.323247,0,-87.0008,-84.8933
79.3923,4.69902,0,0.323247,0,-87.0008,-84.8933
79.4923,4.69902,0,0.323247,0,-87.0008,-84.8933
79.5923,4.55503,0,0.318763,0,-87.0264,-84.8933
79.6923,4.55503,0,0.318763,0,-87.0264,-84.8933
79.7922,4.4111,0,0.311807,0,-87.0151,-84.8933
79.8923,4.4111,0,0.311807,0,-87.0151,-84.8933
79.9922,4.4111,0,0.311807,0,-87.0151,-84.8933
80.0922,4.26692,0,0.305667,0,-87.0127,-84.8933
80.1923,4.26692,0,0.305667,0,-87.0127,-84.8933
80.2922,4.1221,0,0.30024,0,-87.0198,-84.8933
80.3923,4.1221,0,0.30024,0,-87.0198,-84.8933
80.4923,4.1221,0,0.30024,0,-87.0198,-84.8933
80.5923,3.97759,0,0.295031,0,-87.031,-84.8933
80.6923,3.97759,0,0.295031,0,-87.031,-84.8933
80.7923,3.83218,0,0.290062,0,-87.057,-84.8933
80.8923,3.83218,0,0.290062,0,-87.057,-84.8933
80.9922,3.68813,0,0.285518,0,-87.0919,-84.8933
81.0923,3.68813,0,0.285518,0,-87.0919,-84.8933
81.1923,3.68813,0,0.285518,0,-87.0919,-84.8933
81.2923,3.54332,0,0.280162,0,-87.1211,-84.8933
81.3923,3.54332,0,0.280162,0,-87.1211,-84.8933
81.4922,3.39891,0,0.275546,0,-87.1701,-84.8933
81.5923,3.39891,0,0.275546,0,-87.1701,-84.8933
81.6923,3.39891,0,0.275546,0,-87.1701,-84.8933
81.7923,3.25459,0,0.27044,0,-87.2121,-84.8933
81.8923,3.25459,0,0.27044,0,-87.2121,-84.8933
81.9923,3.11044,0,0.264785,0,-87.2481,-84.8933
82.0923,3.11044,0,0.264785,0,-87.2481,-84.8933
82.1922,2.96536,0,0.258693,0,-87.2788,-84.8933
82.2923,2.96536,0,0.258693,0,-87.2788,-84.8933
82.3923,2.96536,0,0.258693,0,-87.2788,-84.8933
82.4923,2.8201,0,0.253184,0,-87.3301,-84.8933
82.5923,2.8201,0,0.253184,0,-87.3301,-84.8933
82.6923,2.67351,0,0.24754,0,-87.3943,-84.8933
82.7923,2.67351,0,0.24754,0,-87.3943,-84.8933
82.8923,2.67351,0,0.24754,0,-87.3943,-84.8933
82.9923,2.52751,0,0.240731,0,-87.4445,-84.8933
83.0923,2.52751,0,0.240731,0,-87.4445,-84.8933
83.1923,2.38321,0,0.233025,0,-87.4879,-84.8933
83.2923,2.38321,0,0.233025,0,-87.4879,-84.8933
83.3922,2.23967,0,0.224023,0,-87.5047,-84.8933
83.4923,2.23967,0,0.224023,0,-87.5047,-84.8933
83.5923,2.23967,0,0.224023,0,-87.5047,-84.8933
83.6923,2.09639,0,0.215133,0,-87.5302,-84.8933
83.7923,2.09639,0,0.215133,0,-87.5302,-84.8933
83.8923,1.95359,0,0.205367,0,-87.5359,-84.8933
83.9923,1.95359,0,0.205367,0,-87.5359,-84.8933
84.0922,1.81026,0,0.19571,0,-87.5596,-84.8933
84.1923,1.81026,0,0.19571,0,-87.5596,-84.8933
84.2923,1.81026,0,0.19571,0,-87.5596,-84.8933
84.3923,1.66624,0,0.186857,0,-87.6476,-84.8933
84.4923,1.66624,0,0.186857,0,-87.6476,-84.8933
84.5923,1.52305,0,0.175822,0,-87.6996,-84.8933
84.6923,1.52305,0,0.175822,0,-87.6996,-84.8933
84.7923,1.52305,0,0.175822,0,-87.6996,-84.8933
84.8923,1.37974,0,0.165238,0,-87.8091,-84.8933
84.9923,1.37974,0,0.165238,0,-87.8091,-84.8933
85.0923,1.23687,0,0.155617,0,-88.0002,-84.8933
85.1923,1.23687,0,0.155617,0,-88.0002,-84.8933
85.2923,1.23687,0,0.155617,0,-88.0002,-84.8933
85.3922,1.09377,0,0.145925,0,-88.2673,-84.8933
85.4923,1.09377,0,0.145925,0,-88.2673,-84.8933
85.5922,0.951914,0,0.136576,0,-88.6625,-84.8933
85.6923,0.951914,0,0.136576,0,-88.6625,-84.8933
85.7922,0.810497,0,0.126483,0,-89.1624,-84.8933
85.8923,0.810497,0,0.126483,0,-89.1624,-84.8933
85.9923,0.810497,0,0.126483,0,-89.1624,-84.8933
86.0922,0.674684,0,0.116366,0,-89.8319,-84.8933
86.0922,0.674684,0,0.116366,0,-89.8319,-84.8933
86.1922,0.674684,0,0.116366,0,-89.8319,-84.8933
86.2922,0.551997,0,0.106119,0,-89.8319,-84.8933
86.3922,0.551997,0,0.106119,0,-89.8319,-84.8933
86.4921,0.445769,0,0.0969617,0,-91.5731,-84.8933
86.7923,0.366707,0,0.0904626,0,-92.8061,-84.8933
86.8922,0.366707,0,0.0904626,0,-92.8061,-84.8933
86.9922,0.330022,0,0.0865827,0,-93.5673,-84.8933
87.0922,0.330022,0,0.0865827,0,-93.5673,-84.8933
87.1922,0.330022,0,0.0865827,0,-93.5673,-84.8933
87.2922,0.323087,0,0.0858214,0,-93.8833,-84.8933
87.3922,0.323087,0,0.0858214,0,-93.8833,-84.8933
87.4922,0.327158,0,0.086657,0,-94.0419,-84.8933
87.5922,0.327158,0,0.086657,0,-94.0419,-84.8933
87.6922,0.341226,0,0.0894468,0,-94.0304,-84.8933
87.7922,0.341226,0,0.0894468,0,-94.0304,-84.8933
87.8922,0.341226,0,0.0894468,0,-94.0304,-84.8933
87.9922,0.365994,0,0.0928995,0,-93.6089,-84.8933
88.0922,0.365994,0,0.0928995,0,-93.6089,-84.8933
88.1922,0.397095,0,0.0957331,0,-92.8664,-84.8933
88.2922,0.397095,0,0.0957331,0,-92.8664,-84.8933
88.3922,0.397095,0,0.0957331,0,-92.8664,-84.8933
88.4922,0.429411,0,0.0970162,0,-91.9666,-84.8933
88.5922,0.429411,0,0.0970162,0,-91.9666,-84.8933
88.6922,0.46146,0,0.0972888,0,-91.0891,-84.8933
88.7922,0.46146,0,0.0972888,0,-91.0891,-84.8933
88.8922,0.46146,0,0.0972888,0,-91.0891,-84.8933
88.9922,0.491344,0,0.0975042,0,-90.4009,-84.8933
89.0923,0.491344,0,0.0975042,0,-90.4009,-84.8933
89.1922,0.517061,0,0.097161,0,-89.8452,-84.8933
89.2922,0.517061,0,0.097161,0,-89.8452,-84.8933
89.3922,0.539329,0,0.0961811,0,-89.3425,-84.8933
89.4922,0.539329,0,0.0961811,0,-89.3425,-84.8933
89.5922,0.539329,0,0.0961811,0,-89.3425,-84.8933
89.6922,0.557716,0,0.0952185,0,-88.9368,-84.8933
89.7921,0.557716,0,0.0952185,0,-88.9368,-84.8933
89.8922,0.57129,0,0.0953775,0,-88.7316,-84.8933
89.9923,0.57129,0,0.0953775,0,-88.7316,-84.8933
90.0922,0.580173,0,0.0961836,0,-88.6526,-84.8933
90.1923,0.580173,0,0.0961836,0,-88.6526,-84.8933
90.2922,0.580173,0,0.0961836,0,-88.6526,-84.8933
90.3922,0.585461,0,0.0972232,0,-88.6541,-84.8933
90.4923,0.585461,0,0.0972232,0,-88.6541,-84.8933
90.5922,0.587038,0,0.0962141,0,-88.5261,-84.8933
90.6922,0.587038,0,0.0962141,0,-88.5261,-84.8933
90.7922,0.587038,0,0.0962141,0,-88.5261,-84.8933
90.8922,0.586089,0,0.094698,0,-88.396,-84.8933
90.9922,0.586089,0,0.094698,0,-88.396,-84.8933
91.0921,0.582182,0,0.0932531,0,-88.3198,-84.8933
91.1922,0.582182,0,0.0932531,0,-88.3198,-84.8933
91.2922,0.582182,0,0.0932531,0,-88.3198,-84.8933
91.3922,0.576275,0,0.0911069,0,-88.2078,-84.8933
91.4922,0.576275,0,0.0911069,0,-88.2078,-84.8933
91.5922,0.569919,0,0.0903326,0,-88.2332,-84.8933
91.6922,0.569919,0,0.0903326,0,-88.2332,-84.8933
