0,0.596781,10,0.132668,10,-34.6154,-174.118
0.291308,0.596781,10,0.132668,10,-34.6154,-174.118
0.391218,0.596781,10,0.132668,10,-34.6154,-174.118
0.491286,0.596781,10,0.132668,10,-34.6154,-174.118
0.591273,0.59943,10,0.133052,10,-34.6177,-174.118
0.69131,0.59943,10,0.133052,10,-34.6177,-174.118
0.791285,0.601109,10,0.133405,10,-35.1204,-174.118
0.891232,0.601109,10,0.133405,10,-35.1204,-174.118
0.991155,0.601305,10,0.132612,10,-39.9628,-174.118
1.09122,0.601305,10,0.132612,10,-39.9628,-174.118
1.19126,0.601305,10,0.132612,10,-39.9628,-174.118
1.29119,0.599364,10,0.132205,10,-49.8227,-174.118
1.39123,0.599364,10,0.132205,10,-49.8227,-174.118
1.49114,0.599274,10,0.133881,10,-62.0109,-174.118
1.59124,0.599274,10,0.133881,10,-62.0109,-174.118
1.69126,0.599274,10,0.133881,10,-62.0109,-174.118
1.79125,0.598136,10,0.134444,10,-73.6953,-174.118
1.89124,0.598136,10,0.134444,10,-73.6953,-174.118
1.99125,0.596667,10,0.133023,10,-83.2919,-174.118
2.09122,0.596667,10,0.133023,10,-83.2919,-174.118
2.19114,0.594783,10,0.131377,10,-90.8851,-174.118
2.29122,0.594783,10,0.131377,10,-90.8851,-174.118
2.39144,0.594783,10,0.131377,10,-90.8851,-174.118
2.4912,0.592806,10,0.129581,10,-97.5671,-174.118
2.59126,0.592806,10,0.129581,10,-97.5671,-174.118
2.69115,0.592747,10,0.129619,10,-104.474,-174.118
2.79126,0.592747,10,0.129619,10,-104.474,-174.118
2.8912,0.592747,10,0.129619,10,-104.474,-174.118
2.99121,0.593318,10,0.128787,10,-112.288,-174.118
3.09125,0.593318,10,0.128787,10,-112.288,-174.118
3.19119,0.594387,10,0.127603,10,-120.846,-174.118
3.29125,0.594387,10,0.127603,10,-120.846,-174.118
3.39114,0.595704,10,0.125909,10,-129.648,-174.118
3.49121,0.595704,10,0.125909,10,-129.648,-174.118
3.59124,0.595704,10,0.125909,10,-129.648,-174.118
3.69123,0.597504,10,0.123352,10,-137.927,-174.118
3.79125,0.597504,10,0.123352,10,-137.927,-174.118
3.89118,0.602983,10,0.123461,10,-144.925,-174.118
3.99127,0.602983,10,0.123461,10,-144.925,-174.118
4.09123,0.602983,10,0.123461,10,-144.925,-174.118
4.19131,0.606753,10,0.1227,10,-150.235,-174.118
4.29125,0.606753,10,0.1227,10,-150.235,-174.118
4.3912,0.608363,10,0.119647,10,-154.146,-174.118
4.49126,0.608363,10,0.119647,10,-154.146,-174.118
4.59115,0.609313,10,0.115479,10,-156.789,-174.118
4.69122,0.609313,10,0.115479,10,-156.789,-174.118
4.79125,0.609313,10,0.115479,10,-156.789,-174.118
4.89119,0.609563,10,0.110299,10,-158.912,-174.118
4.99125,0.609563,10,0.110299,10,-158.912,-174.118
5.09114,0.611762,10,0.107588,10,-160.757,-174.118
5.19126,0.611762,10,0.107588,10,-160.757,-174.118
5.29123,0.611762,10,0.107588,10,-160.757,-174.118
5.39125,0.612735,10,0.103638,10,-162.59,-174.118
5.49122,0.612735,10,0.103638,10,-162.59,-174.118
5.59122,0.612664,10,0.0975545,10,-164.548,-174.118
5.69124,0.612664,10,0.0975545,10,-164.548,-174.118
5.79114,0.611978,10,0.0904647,10,-166.442,-174.118
5.89126,0.611978,10,0.0904647,10,-166.442,-174.118
5.99123,0.611978,10,0.0904647,10,-166.442,-174.118
6.09116,0.610249,10,0.0845482,10,-168.142,-174.118
6.19124,0.610249,10,0.0845482,10,-168.142,-174.118
6.29114,0.610756,10,0.0781583,10,-169.433,-174.118
6.39128,0.610756,10,0.0781583,10,-169.433,-174.118
6.49124,0.610756,10,0.0781583,10,-169.433,-174.118
6.5912,0.610021,10,0.0707288,10,-170.284,-174.118
6.69124,0.610021,10,0.0707288,10,-170.284,-174.118
6.79122,0.61108,10,0.0658648,10,-170.836,-174.118
6.89129,0.61108,10,0.0658648,10,-170.836,-174.118
6.99115,0.629292,10,0.0830901,10,-171.237,-174.118
7.09122,0.629292,10,0.0830901,10,-171.237,-174.118
7.19127,0.629292,10,0.0830901,10,-171.237,-174.118
7.29127,0.678555,10,0.137104,10,-171.699,-174.118
7.39126,0.678555,10,0.137104,10,-171.699,-174.118
7.49114,0.757448,10,0.217944,10,-172.134,-174.118
7.59121,0.757448,10,0.217944,10,-172.134,-174.118
7.69122,0.757448,10,0.217944,10,-172.134,-174.118
7.79126,0.84609,10,0.309951,10,-172.507,-174.118
7.89126,0.84609,10,0.309951,10,-172.507,-174.118
7.99118,0.941542,10,0.410214,10,-172.958,-174.118
8.09124,0.941542,10,0.410214,10,-172.958,-174.118
8.1912,0.941542,10,0.410214,10,-172.958,-174.118
8.29125,1.04608,10,0.520206,10,-173.367,-174.118
8.39123,1.04608,10,0.520206,10,-173.367,-174.118
8.49125,1.15777,10,0.638328,10,-173.671,-174.118
8.59126,1.15777,10,0.638328,10,-173.671,-174.118
8.69114,1.27486,10,0.758025,10,-173.863,-174.118
8.79129,1.27486,10,0.758025,10,-173.863,-174.118
8.89126,1.27486,10,0.758025,10,-173.863,-174.118
8.99123,1.3928,10,0.879148,10,-173.999,-174.118
9.09126,1.3928,10,0.879148,10,-173.999,-174.118
9.19125,1.50888,10,0.998415,10,-174.094,-174.118
9.29127,1.50888,10,0.998415,10,-174.094,-174.118
9.39115,1.62164,10,1.11766,10,-174.169,-174.118
9.4912,1.62164,10,1.11766,10,-174.169,-174.118
9.59127,1.62164,10,1.11766,10,-174.169,-174.118
9.69117,1.73046,10,1.2356,10,-174.251,-174.118
9.79124,1.73046,10,1.2356,10,-174.251,-174.118
9.89114,1.83785,10,1.34736,10,-174.356,-174.118
9.99123,1.83785,10,1.34736,10,-174.356,-174.118
10.0912,1.83785,10,1.34736,10,-174.356,-174.118
10.1912,1.94136,10,1.45678,10,-174.454,-174.118
10.2913,1.94136,10,1.45678,10,-174.454,-174.118
10.3912,2.04241,10,1.56438,10,-174.544,-174.118
10.4912,2.04241,10,1.56438,10,-174.544,-174.118
10.5912,2.04241,10,1.56438,10,-174.544,-174.118
10.6912,2.14099,10,1.6682,10,-174.616,-174.118
10.7913,2.14099,10,1.6682,10,-174.616,-174.118
10.8912,2.23679,10,1.77061,10,-174.665,-174.118
10.9912,2.23679,10,1.77061,10,-174.665,-174.118
11.0912,2.23679,10,1.77061,10,-174.665,-174.118
11.1912,2.33267,10,1.86934,10,-174.713,-174.118
11.2912,2.33267,10,1.86934,10,-174.713,-174.118
11.3912,2.42706,10,1.96766,10,-174.745,-174.118
11.4912,2.42706,10,1.96766,10,-174.745,-174.118
11.5912,2.51994,10,2.06652,10,-174.761,-174.118
11.6913,2.51994,10,2.06652,10,-174.761,-174.118
11.7912,2.51994,10,2.06652,10,-174.761,-174.118
11.8912,2.61209,10,2.16409,10,-174.781,-174.118
11.9912,2.61209,10,2.16409,10,-174.781,-174.118
12.0912,2.70443,10,2.26247,10,-174.799,-174.118
12.1912,2.70443,10,2.26247,10,-174.799,-174.118
12.2912,2.7987,10,2.35875,10,-174.834,-174.118
12.3912,2.7987,10,2.35875,10,-174.834,-174.118
12.4912,2.7987,10,2.35875,10,-174.834,-174.118
12.5913,2.89384,10,2.45643,10,-174.866,-174.118
12.6912,2.89384,10,2.45643,10,-174.866,-174.118
12.7912,2.98858,10,2.55381,10,-174.896,-174.118
12.8912,2.98858,10,2.55381,10,-174.896,-174.118
12.9912,2.98858,10,2.55381,10,-174.896,-174.118
13.0913,3.08453,10,2.65184,10,-174.919,-174.118
13.1913,3.08453,10,2.65184,10,-174.919,-174.118
13.2912,3.18176,10,2.75172,10,-174.932,-174.118
13.3912,3.18176,10,2.75172,10,-174.932,-174.118
13.4912,3.18176,10,2.75172,10,-174.932,-174.118
13.5912,3.28081,10,2.84994,10,-174.956,-174.118
13.6912,3.28081,10,2.84994,10,-174.956,-174.118
13.7912,3.38048,10,2.94811,10,-174.983,-174.118
13.8912,3.38048,10,2.94811,10,-174.983,-174.118
13.9912,3.479,10,3.04703,10,-175.004,-174.118
14.0912,3.479,10,3.04703,10,-175.004,-174.118
14.1912,3.479,10,3.04703,10,-175.004,-174.118
14.2912,3.57685,10,3.14851,10,-175.011,-174.118
14.3912,3.57685,10,3.14851,10,-175.011,-174.118
14.4912,3.67656,10,3.25293,10,-175.01,-174.118
14.5912,3.67656,10,3.25293,10,-175.01,-174.118
14.6911,3.77772,10,3.35428,10,-175.019,-174.118
14.7912,3.77772,10,3.35428,10,-175.019,-174.118
14.8912,3.77772,10,3.35428,10,-175.019,-174.118
14.9913,3.87688,10,3.45491,10,-175.021,-174.118
15.0912,3.87688,10,3.45491,10,-175.021,-174.118
15.1912,3.97617,10,3.55783,10,-175.024,-174.118
15.2913,3.97617,10,3.55783,10,-175.024,-174.118
15.3912,3.97617,10,3.55783,10,-175.024,-174.118
15.4913,4.0764,10,3.66226,10,-175.026,-174.118
15.5913,4.0764,10,3.66226,10,-175.026,-174.118
15.6912,4.17709,10,3.76758,10,-175.024,-174.118
15.7913,4.17709,10,3.76758,10,-175.024,-174.118
15.8912,4.17709,10,3.76758,10,-175.024,-174.118
15.9914,4.27718,10,3.86916,10,-175.035,-174.118
16.0912,4.27718,10,3.86916,10,-175.035,-174.118
16.1912,4.37657,10,3.97233,10,-175.035,-174.118
16.2912,4.37657,10,3.97233,10,-175.035,-174.118
16.3912,4.47616,10,4.07559,10,-175.035,-174.118
16.4912,4.47616,10,4.07559,10,-175.035,-174.118
16.5912,4.47616,10,4.07559,10,-175.035,-174.118
16.6912,4.5754,10,4.1796,10,-175.026,-174.118
16.7913,4.5754,10,4.1796,10,-175.026,-174.118
16.8914,4.67408,10,4.28514,10,-175.008,-174.118
16.9913,4.67408,10,4.28514,10,-175.008,-174.118
17.0911,4.77441,10,4.38694,10,-175.023,-174.118
17.1912,4.77441,10,4.38694,10,-175.023,-174.118
17.2915,4.77441,10,4.38694,10,-175.023,-174.118
17.3912,4.87549,10,4.48984,10,-175.043,-174.118
17.4912,4.87549,10,4.48984,10,-175.043,-174.118
17.5913,4.97557,10,4.59365,10,-175.054,-174.118
17.6913,4.97557,10,4.59365,10,-175.054,-174.118
17.7912,4.97557,10,4.59365,10,-175.054,-174.118
17.8912,5.07601,10,4.69918,10,-175.053,-174.118
17.9912,5.07601,10,4.69918,10,-175.053,-174.118
18.0912,5.17613,10,4.80517,10,-175.046,-174.118
18.1912,5.17613,10,4.80517,10,-175.046,-174.118
18.2912,5.17613,10,4.80517,10,-175.046,-174.118
18.3912,5.27653,10,4.90741,10,-175.054,-174.118
18.4912,5.27653,10,4.90741,10,-175.054,-174.118
18.5912,5.37654,10,5.00974,10,-175.058,-174.118
18.6913,5.37654,10,5.00974,10,-175.058,-174.118
18.7912,5.4763,10,5.11384,10,-175.057,-174.118
18.8912,5.4763,10,5.11384,10,-175.057,-174.118
18.9913,5.4763,10,5.11384,10,-175.057,-174.118
19.0912,5.57625,10,5.21838,10,-175.063,-174.118
19.1913,5.57625,10,5.21838,10,-175.063,-174.118
19.2912,5.6756,10,5.32469,10,-175.053,-174.118
19.3912,5.6756,10,5.32469,10,-175.053,-174.118
19.4911,5.77566,10,5.42858,10,-175.062,-174.118
19.5912,5.77566,10,5.42858,10,-175.062,-174.118
19.6913,5.77566,10,5.42858,10,-175.062,-174.118
19.7913,5.8763,10,5.53304,10,-175.069,-174.118
19.8913,5.8763,10,5.53304,10,-175.069,-174.118
19.9912,5.97642,10,5.63792,10,-175.069,-174.118
20.0913,5.97642,10,5.63792,10,-175.069,-174.118
20.1912,5.97642,10,5.63792,10,-175.069,-174.118
20.2912,6.076,10,5.74321,10,-175.065,-174.118
20.3912,6.076,10,5.74321,10,-175.065,-174.118
20.4912,6.1754,10,5.84868,10,-175.058,-174.118
20.5912,6.1754,10,5.84868,10,-175.058,-174.118
20.6912,6.1754,10,5.84868,10,-175.058,-174.118
20.7912,6.27458,10,5.95135,10,-175.07,-174.118
20.8912,6.27458,10,5.95135,10,-175.07,-174.118
20.9912,6.37453,10,6.05471,10,-175.09,-174.118
21.0912,6.37453,10,6.05471,10,-175.09,-174.118
21.1912,6.47281,10,6.15734,10,-175.103,-174.118
21.2912,6.47281,10,6.15734,10,-175.103,-174.118
21.3912,6.47281,10,6.15734,10,-175.103,-174.118
21.4913,6.57105,10,6.26119,10,-175.113,-174.118
21.5913,6.57105,10,6.26119,10,-175.113,-174.118
21.6912,6.66848,10,6.36529,10,-175.109,-174.118
21.7912,6.66848,10,6.36529,10,-175.109,-174.118
21.8912,6.66848,10,6.36529,10,-175.109,-174.118
21.9912,6.76732,10,6.46728,10,-175.127,-174.118
22.0912,6.76732,10,6.46728,10,-175.127,-174.118
22.1912,6.86551,10,6.57067,10,-175.121,-174.118
22.2913,6.86551,10,6.57067,10,-175.121,-174.118
22.3912,6.96381,10,6.67461,10,-175.118,-174.118
22.4913,6.96381,10,6.67461,10,-175.118,-174.118
22.5912,6.96381,10,6.67461,10,-175.118,-174.118
22.6913,7.06136,10,6.77819,10,-175.117,-174.118
22.7912,7.06136,10,6.77819,10,-175.117,-174.118
22.8912,7.15945,10,6.88291,10,-175.114,-174.118
22.9912,7.15945,10,6.88291,10,-175.114,-174.118
23.0912,7.15945,10,6.88291,10,-175.114,-174.118
23.1912,7.25881,10,6.98429,10,-175.161,-174.118
23.2913,7.25881,10,6.98429,10,-175.161,-174.118
23.3912,7.36013,10,7.08647,10,-175.223,-174.118
23.4913,7.36013,10,7.08647,10,-175.223,-174.118
23.5912,7.46062,10,7.19058,10,-175.259,-174.118
23.6912,7.46062,10,7.19058,10,-175.259,-174.118
23.7912,7.46062,10,7.19058,10,-175.259,-174.118
23.8912,7.56047,10,7.29679,10,-175.272,-174.118
23.9912,7.56047,10,7.29679,10,-175.272,-174.118
24.0912,7.65935,10,7.40524,10,-175.241,-174.118
24.1912,7.65935,10,7.40524,10,-175.241,-174.118
24.2912,7.65935,10,7.40524,10,-175.241,-174.118
24.3912,7.75902,10,7.50895,10,-175.265,-174.118
24.4912,7.75902,10,7.50895,10,-175.265,-174.118
24.5912,7.85785,10,7.61426,10,-175.258,-174.118
24.6912,7.85785,10,7.61426,10,-175.258,-174.118
24.7912,7.95629,10,7.72112,10,-175.236,-174.118
24.8912,7.95629,10,7.72112,10,-175.236,-174.118
24.9912,7.95629,10,7.72112,10,-175.236,-174.118
25.0913,8.05452,10,7.82823,10,-175.219,-174.118
25.1912,8.05452,10,7.82823,10,-175.219,-174.118
25.2912,8.15277,10,7.93535,10,-175.211,-174.118
25.3912,8.15277,10,7.93535,10,-175.211,-174.118
25.4912,8.15277,10,7.93535,10,-175.211,-174.118
25.5912,8.25091,10,8.03863,10,-175.259,-174.118
25.6912,8.25091,10,8.03863,10,-175.259,-174.118
25.7912,8.34755,10,8.14261,10,-175.285,-174.118
25.8913,8.34755,10,8.14261,10,-175.285,-174.118
25.9912,8.44362,10,8.24834,10,-175.286,-174.118
26.0912,8.44362,10,8.24834,10,-175.286,-174.118
26.1913,8.44362,10,8.24834,10,-175.286,-174.118
26.2913,8.53982,10,8.3563,10,-175.247,-174.118
26.3912,8.53982,10,8.3563,10,-175.247,-174.118
26.4912,8.63605,10,8.4649,10,-175.189,-174.118
26.5913,8.63605,10,8.4649,10,-175.189,-174.118
26.6912,8.63605,10,8.4649,10,-175.189,-174.118
26.7912,8.73305,10,8.56968,10,-175.221,-174.118
26.8912,8.73305,10,8.56968,10,-175.221,-174.118
26.9912,8.8292,10,8.67523,10,-175.233,-174.118
27.0912,8.8292,10,8.67523,10,-175.233,-174.118
27.1912,8.92651,10,8.78199,10,-175.266,-174.118
27.2913,8.92651,10,8.78199,10,-175.266,-174.118
27.3912,8.92651,10,8.78199,10,-175.266,-174.118
27.4912,9.0259,10,8.88981,10,-175.353,-174.118
27.5913,9.0259,10,8.88981,10,-175.353,-174.118
27.6912,9.1258,10,8.99913,10,-175.438,-174.118
27.7913,9.1258,10,8.99913,10,-175.438,-174.118
27.8912,9.1258,10,8.99913,10,-175.438,-174.118
27.9913,9.22471,10,9.10328,10,-175.675,-174.118
28.0913,9.22471,10,9.10328,10,-175.675,-174.118
28.1913,9.32321,10,9.20936,10,-175.898,-174.118
28.2913,9.32321,10,9.20936,10,-175.898,-174.118
28.3912,9.42065,10,9.31608,10,-176.111,-174.118
28.4912,9.42065,10,9.31608,10,-176.111,-174.118
28.5913,9.42065,10,9.31608,10,-176.111,-174.118
28.6912,9.51539,10,9.42081,10,-176.345,-174.118
28.7913,9.51539,10,9.42081,10,-176.345,-174.118
28.8912,9.60135,10,9.51777,10,-176.509,-174.118
28.8912,9.60135,10,9.51777,10,-176.509,-174.118
28.9911,9.60135,10,9.51777,10,-176.509,-174.118
29.0911,9.60135,10,9.51777,10,-176.509,-174.118
29.1911,9.67866,10,9.59917,10,-176.509,-174.118
29.2911,9.74456,10,9.66889,0,-174.582,48.4654
29.5912,9.74456,10,9.66889,0,-174.582,48.4654
29.6912,9.78883,10,9.71782,0,-174.158,48.4654
29.7912,9.78883,10,9.71782,0,-174.158,48.4654
29.8912,9.80379,10,9.73566,0,-174.11,48.4654
29.9912,9.80379,10,9.73566,0,-174.11,48.4654
30.0911,9.80285,10,9.73687,0,-174.646,48.4654
30.1912,9.80285,10,9.73687,0,-174.646,48.4654
30.2912,9.80285,10,9.73687,0,-174.646,48.4654
30.3912,9.79646,10,9.73191,0,-179.443,48.4654
30.4912,9.79646,10,9.73191,0,-179.443,48.4654
30.5912,9.78347,10,9.72161,0,170.684,48.4654
30.6912,9.78347,10,9.72161,0,170.684,48.4654
30.7911,9.78347,10,9.72161,0,170.684,48.4654
30.8912,9.76337,10,9.70451,0,158.405,48.4654
30.9912,9.76337,10,9.70451,0,158.405,48.4654
31.0912,9.7407,10,9.68253,0,146.583,48.4654
31.1912,9.7407,10,9.68253,0,146.583,48.4654
31.2912,9.72013,10,9.65992,0,136.847,48.4654
31.3912,9.72013,10,9.65992,0,136.847,48.4654
31.4912,9.72013,10,9.65992,0,136.847,48.4654
31.5911,9.70187,10,9.63439,0,129.122,48.4654
31.6912,9.70187,10,9.63439,0,129.122,48.4654
31.7912,9.68555,10,9.61109,0,122.344,48.4654
31.8912,9.68555,10,9.61109,0,122.344,48.4654
31.9912,9.68555,10,9.61109,0,122.344,48.4654
32.0911,9.67248,10,9.59,0,115.322,48.4654
32.1912,9.67248,10,9.59,0,115.322,48.4654
32.2911,9.66174,10,9.57221,0,107.44,48.4654
32.3912,9.66174,10,9.57221,0,107.44,48.4654
32.4911,9.6528,10,9.55922,0,98.8271,48.4654
32.5912,9.6528,10,9.55922,0,98.8271,48.4654
32.6911,9.6528,10,9.55922,0,98.8271,48.4654
32.7911,9.647,10,9.54661,0,89.9912,48.4654
32.8912,9.647,10,9.54661,0,89.9912,48.4654
32.9911,9.64279,10,9.53928,0,81.8305,48.4654
33.0911,9.64279,10,9.53928,0,81.8305,48.4654
33.1912,9.64279,10,9.53928,0,81.8305,48.4654
33.2911,9.63856,10,9.53749,0,74.9694,48.4654
33.3912,9.63856,10,9.53749,0,74.9694,48.4654
33.4911,9.63445,10,9.53924,0,69.4416,48.4654
33.5912,9.63445,10,9.53924,0,69.4416,48.4654
33.6911,9.63201,10,9.54429,0,65.6035,48.4654
33.7912,9.63201,10,9.54429,0,65.6035,48.4654
33.8912,9.63201,10,9.54429,0,65.6035,48.4654
33.9911,9.62919,10,9.54884,0,62.859,48.4654
34.0911,9.62919,10,9.54884,0,62.859,48.4654
34.1911,9.62594,10,9.55498,0,60.9627,48.4654
34.2912,9.62594,10,9.55498,0,60.9627,48.4654
34.3912,9.62594,10,9.55498,0,60.9627,48.4654
34.4911,9.62237,10,9.56391,0,59.5354,48.4654
34.5969,9.62237,10,9.56391,0,59.5354,48.4654
34.6911,9.62,10,9.57538,0,58.0525,48.4654
34.7912,9.62,10,9.57538,0,58.0525,48.4654
34.8911,9.61781,10,9.58712,0,56.4538,48.4654
34.9911,9.61781,10,9.58712,0,56.4538,48.4654
35.0912,9.61781,10,9.58712,0,56.4538,48.4654
35.1912,9.61513,10,9.59626,0,54.7102,48.4654
35.2912,9.61513,10,9.59626,0,54.7102,48.4654
35.3911,9.61173,10,9.60772,0,53.0739,48.4654
35.4912,9.61173,10,9.60772,0,53.0739,48.4654
35.5912,9.61173,10,9.60772,0,53.0739,48.4654
35.6912,9.60868,10,9.62106,0,51.7653,48.4654
35.7912,9.60868,10,9.62106,0,51.7653,48.4654
35.8912,9.60711,10,9.63207,0,50.8374,48.4654
35.9912,9.60711,10,9.63207,0,50.8374,48.4654
36.0911,9.60863,10,9.61996,0,50.304,48.4654
36.1912,9.60863,10,9.61996,0,50.304,48.4654
36.2912,9.60863,10,9.61996,0,50.304,48.4654
36.3912,9.61265,10,9.56107,0,50.0792,48.4654
36.4912,9.61265,10,9.56107,0,50.0792,48.4654
36.5912,9.61811,10,9.45765,0,49.9056,48.4654
36.6912,9.61811,10,9.45765,0,49.9056,48.4654
36.7911,9.61811,10,9.45765,0,49.9056,48.4654
36.8912,9.6227,10,9.33488,0,49.5267,48.4654
36.9912,9.6227,10,9.33488,0,49.5267,48.4654
37.0912,9.62661,10,9.2017,0,49.1257,48.4654
37.1912,9.62661,10,9.2017,0,49.1257,48.4654
37.2911,9.62998,10,9.05516,0,48.6831,48.4654
37.3912,9.62998,10,9.05516,0,48.6831,48.4654
37.4912,9.62998,10,9.05516,0,48.6831,48.4654
37.5912,9.63305,10,8.89577,0,48.2123,48.4654
37.6912,9.63305,10,8.89577,0,48.2123,48.4654
37.7912,9.63729,10,8.73007,0,47.8205,48.4654
37.8912,9.63729,10,8.73007,0,47.8205,48.4654
37.9912,9.63729,10,8.73007,0,47.8205,48.4654
38.0911,9.6403,10,8.56177,0,47.5642,48.4654
38.1912,9.6403,10,8.56177,0,47.5642,48.4654
38.2912,9.643,10,8.39317,0,47.4276,48.4654
38.3912,9.643,10,8.39317,0,47.4276,48.4654
38.4911,9.64538,10,8.22736,0,47.3848,48.4654
38.5912,9.64538,10,8.22736,0,47.3848,48.4654
38.6912,9.64538,10,8.22736,0,47.3848,48.4654
38.7912,9.64574,10,8.06506,0,47.3553,48.4654
38.8912,9.64574,10,8.06506,0,47.3553,48.4654
38.9911,9.64596,10,7.90722,0,47.2996,48.4654
39.0912,9.64596,10,7.90722,0,47.2996,48.4654
39.1912,9.64596,10,7.90722,0,47.2996,48.4654
39.2911,9.64643,10,7.75525,0,47.2002,48.4654
39.3911,9.64643,10,7.75525,0,47.2002,48.4654
39.4912,9.64759,10,7.60819,0,47.0724,48.4654
39.5912,9.64759,10,7.60819,0,47.0724,48.4654
39.6911,9.64989,10,7.46486,0,46.9522,48.4654
39.7911,9.64989,10,7.46486,0,46.9522,48.4654
39.8912,9.64989,10,7.46486,0,46.9522,48.4654
39.9912,9.65014,10,7.32779,0,46.8425,48.4654
40.0912,9.65014,10,7.32779,0,46.8425,48.4654
40.1912,9.65173,10,7.19175,0,46.7883,48.4654
40.2912,9.65173,10,7.19175,0,46.7883,48.4654
40.3911,9.65173,10,7.19175,0,46.7883,48.4654
40.4911,9.653,10,7.05694,0,46.7686,48.4654
40.5912,9.653,10,7.05694,0,46.7686,48.4654
40.6912,9.65465,10,6.92075,0,46.7703,48.4654
40.7911,9.65465,10,6.92075,0,46.7703,48.4654
40.8912,9.65757,10,6.78539,0,46.7829,48.4654
40.9912,9.65757,10,6.78539,0,46.7829,48.4654
41.0912,9.65757,10,6.78539,0,46.7829,48.4654
41.1912,9.65977,10,6.65321,0,46.7739,48.4654
41.2912,9.65977,10,6.65321,0,46.7739,48.4654
41.3912,9.66233,10,6.52125,0,46.7482,48.4654
41.4911,9.66233,10,6.52125,0,46.7482,48.4654
41.5912,9.66233,10,6.52125,0,46.7482,48.4654
41.6911,9.66634,10,6.38801,0,46.7311,48.4654
41.7912,9.66634,10,6.38801,0,46.7311,48.4654
41.8912,9.6706,10,6.25289,0,46.7134,48.4654
41.9912,9.6706,10,6.25289,0,46.7134,48.4654
42.0911,9.675,10,6.11475,0,46.7024,48.4654
42.1912,9.675,10,6.11475,0,46.7024,48.4654
42.2912,9.675,10,6.11475,0,46.7024,48.4654
42.3911,9.67651,10,5.97864,0,46.6705,48.4654
42.4912,9.67651,10,5.97864,0,46.6705,48.4654
42.5912,9.67874,10,5.84105,0,46.6478,48.4654
42.6911,9.67874,10,5.84105,0,46.6478,48.4654
42.7912,9.67874,10,5.84105,0,46.6478,48.4654
42.8912,9.68129,10,5.70118,0,46.6294,48.4654
42.9912,9.68129,10,5.70118,0,46.6294,48.4654
43.0912,9.68253,10,5.56078,0,46.5944,48.4654
43.1912,9.68253,10,5.56078,0,46.5944,48.4654
43.2912,9.68429,10,5.41895,0,46.5685,48.4654
43.3912,9.68429,10,5.41895,0,46.5685,48.4654
43.4912,9.68429,10,5.41895,0,46.5685,48.4654
43.5912,9.68451,10,5.27804,0,46.5217,48.4654
43.6912,9.68451,10,5.27804,0,46.5217,48.4654
43.7912,9.68481,10,5.13564,0,46.4684,48.4654
43.8911,9.68481,10,5.13564,0,46.4684,48.4654
43.9911,9.68481,10,5.13564,0,46.4684,48.4654
44.0912,9.68583,10,4.99321,0,46.4284,48.4654
44.1912,9.68583,10,4.99321,0,46.4284,48.4654
44.2912,9.68946,10,4.84839,0,46.4184,48.4654
44.3912,9.68946,10,4.84839,0,46.4184,48.4654
44.4911,9.69313,10,4.70009,0,46.4085,48.4654
44.5912,9.69313,10,4.70009,0,46.4085,48.4654
44.6912,9.69313,10,4.70009,0,46.4085,48.4654
44.7912,9.6949,10,4.55513,0,46.3826,48.4654
44.8912,9.6949,10,4.55513,0,46.3826,48.4654
44.9911,9.69827,10,4.41084,0,46.3819,48.4654
45.0911,9.69827,10,4.41084,0,46.3819,48.4654
45.1912,9.69827,10,4.41084,0,46.3819,48.4654
45.2911,9.70229,10,4.26627,0,46.382,48.4654
45.3911,9.70229,10,4.26627,0,46.382,48.4654
45.4911,9.70802,10,4.1199,0,46.3953,48.4654
45.5911,9.70802,10,4.1199,0,46.3953,48.4654
45.6911,9.71559,10,3.97284,0,46.4188,48.4654
45.7911,9.71559,10,3.97284,0,46.4188,48.4654
45.8912,9.71559,10,3.97284,0,46.4188,48.4654
45.9912,9.72105,10,3.82984,0,46.4108,48.4654
46.0911,9.72105,10,3.82984,0,46.4108,48.4654
46.1911,9.72692,10,3.68714,0,46.4036,48.4654
46.2911,9.72692,10,3.68714,0,46.4036,48.4654
46.3912,9.72692,10,3.68714,0,46.4036,48.4654
46.4912,9.73276,10,3.54264,0,46.3887,48.4654
46.5912,9.73276,10,3.54264,0,46.3887,48.4654
46.6911,9.73955,10,3.39767,0,46.3846,48.4654
46.7912,9.73955,10,3.39767,0,46.3846,48.4654
46.8911,9.74737,10,3.25131,0,46.4008,48.4654
46.9912,9.74737,10,3.25131,0,46.4008,48.4654
47.0911,9.74737,10,3.25131,0,46.4008,48.4654
47.1912,9.75306,10,3.10871,0,46.3771,48.4654
47.2912,9.75306,10,3.10871,0,46.3771,48.4654
47.3911,9.75907,10,2.96582,0,46.3457,48.4654
47.4912,9.75907,10,2.96582,0,46.3457,48.4654
47.5912,9.75907,10,2.96582,0,46.3457,48.4654
47.6911,9.76579,10,2.8216,0,46.3153,48.4654
47.7912,9.76579,10,2.8216,0,46.3153,48.4654
47.8911,9.77319,10,2.67608,0,46.2847,48.4654
47.9912,9.77319,10,2.67608,0,46.2847,48.4654
48.0911,9.78102,10,2.53111,0,46.2544,48.4654
48.1911,9.78102,10,2.53111,0,46.2544,48.4654
48.2911,9.78102,10,2.53111,0,46.2544,48.4654
48.3912,9.78658,10,2.38879,0,46.177,48.4654
48.4912,9.78658,10,2.38879,0,46.177,48.4654
48.5911,9.79328,10,2.24593,0,46.1153,48.4654
48.6911,9.79328,10,2.24593,0,46.1153,48.4654
48.7911,9.79328,10,2.24593,0,46.1153,48.4654
48.8911,9.80048,10,2.10306,0,46.0544,48.4654
48.9911,9.80048,10,2.10306,0,46.0544,48.4654
49.0911,9.80847,10,1.95828,0,45.9928,48.4654
49.1912,9.80847,10,1.95828,0,45.9928,48.4654
49.2911,9.81784,10,1.81328,0,45.9606,48.4654
49.3912,9.81784,10,1.81328,0,45.9606,48.4654
49.4911,9.81784,10,1.81328,0,45.9606,48.4654
49.5911,9.82378,10,1.67113,0,45.8034,48.4654
49.6912,9.82378,10,1.67113,0,45.8034,48.4654
49.7911,9.83044,10,1.52773,0,45.6277,48.4654
49.8911,9.83044,10,1.52773,0,45.6277,48.4654
49.9911,9.83044,10,1.52773,0,45.6277,48.4654
50.0911,9.83863,10,1.38384,0,45.4531,48.4654
50.1912,9.83863,10,1.38384,0,45.4531,48.4654
50.2911,9.84817,10,1.24007,0,45.2749,48.4654
50.3912,9.84817,10,1.24007,0,45.2749,48.4654
50.4911,9.85811,10,1.09515,0,45.0623,48.4654
50.5912,9.85811,10,1.09515,0,45.0623,48.4654
50.6912,9.85811,10,1.09515,0,45.0623,48.4654
50.7912,9.86671,10,0.952412,0,44.706,48.4654
50.8912,9.86671,10,0.952412,0,44.706,48.4654
50.9911,9.87753,10,0.811825,0,44.3546,48.4654
51.0912,9.87753,10,0.811825,0,44.3546,48.4654
51.1911,9.87753,10,0.811825,0,44.3546,48.4654
51.2911,9.88845,10,0.678561,0,43.8748,48.4654
51.2911,9.88845,10,0.678561,0,43.8748,48.4654
51.3911,9.88845,10,0.678561,0,43.8748,48.4654
51.4911,9.90007,10,0.557886,0,43.8748,48.4654
51.5911,9.90007,10,0.557886,0,43.8748,48.4654
51.691,9.91094,0,0.451735,0,8.29378,-84.5483
51.9912,9.91647,0,0.374018,0,9.05119,-84.5483
52.0911,9.91647,0,0.374018,0,9.05119,-84.5483
52.1911,9.9192,0,0.33957,0,9.35536,-84.5483
52.2912,9.9192,0,0.33957,0,9.35536,-84.5483
52.3912,9.9192,0,0.33957,0,9.35536,-84.5483
52.4912,9.92325,0,0.334878,0,8.9763,-84.5483
52.5912,9.92325,0,0.334878,0,8.9763,-84.5483
52.6912,9.92966,0,0.338838,0,4.9474,-84.5483
52.7912,9.92966,0,0.338838,0,4.9474,-84.5483
52.8911,9.93497,0,0.350827,0,-4.28277,-84.5483
52.9911,9.93497,0,0.350827,0,-4.28277,-84.5483
53.0911,9.93497,0,0.350827,0,-4.28277,-84.5483
53.1912,9.93583,0,0.37762,0,-16.4838,-84.5483
53.2912,9.93583,0,0.37762,0,-16.4838,-84.5483
53.3911,9.93417,0,0.410204,0,-28.608,-84.5483
53.4912,9.93417,0,0.410204,0,-28.608,-84.5483
53.5912,9.93417,0,0.410204,0,-28.608,-84.5483
53.6912,9.93049,0,0.442644,0,-38.7249,-84.5483
53.7912,9.93049,0,0.442644,0,-38.7249,-84.5483
53.8912,9.92631,0,0.472478,0,-46.279,-84.5483
53.9912,9.92631,0,0.472478,0,-46.279,-84.5483
54.0911,9.92155,0,0.4989,0,-51.7333,-84.5483
54.1912,9.92155,0,0.4989,0,-51.7333,-84.5483
54.2912,9.92155,0,0.4989,0,-51.7333,-84.5483
54.3912,9.91513,0,0.525373,0,-56.5132,-84.5483
54.4912,9.91513,0,0.525373,0,-56.5132,-84.5483
54.5911,9.90909,0,0.546187,0,-60.7097,-84.5483
54.6912,9.90909,0,0.546187,0,-60.7097,-84.5483
54.7912,9.90909,0,0.546187,0,-60.7097,-84.5483
54.8912,9.90298,0,0.562612,0,-64.5607,-84.5483
54.9912,9.90298,0,0.562612,0,-64.5607,-84.5483
55.0911,9.89821,0,0.574482,0,-68.2464,-84.5483
55.1912,9.89821,0,0.574482,0,-68.2464,-84.5483
55.2911,9.89569,0,0.581799,0,-71.4672,-84.5483
55.3912,9.89569,0,0.581799,0,-71.4672,-84.5483
55.4912,9.89569,0,0.581799,0,-71.4672,-84.5483
55.5912,9.8911,0,0.588789,0,-74.2565,-84.5483
55.6912,9.8911,0,0.588789,0,-74.2565,-84.5483
55.7911,9.8888,0,0.592108,0,-76.3264,-84.5483
55.8912,9.8888,0,0.592108,0,-76.3264,-84.5483
55.9912,9.8888,0,0.592108,0,-76.3264,-84.5483
56.0912,9.89012,0,0.593287,0,-77.7527,-84.5483
56.1912,9.89012,0,0.593287,0,-77.7527,-84.5483
56.2912,9.89483,0,0.592661,0,-78.8711,-84.5483
56.3912,9.89483,0,0.592661,0,-78.8711,-84.5483
56.4911,9.90136,0,0.590298,0,-79.7781,-84.5483
56.5912,9.90136,0,0.590298,0,-79.7781,-84.5483
56.6912,9.90136,0,0.590298,0,-79.7781,-84.5483
56.7912,9.90745,0,0.590433,0,-80.6742,-84.5483
56.8912,9.90745,0,0.590433,0,-80.6742,-84.5483
56.9911,9.91093,0,0.587719,0,-81.5269,-84.5483
57.0911,9.91093,0,0.587719,0,-81.5269,-84.5483
57.1912,9.91093,0,0.587719,0,-81.5269,-84.5483
57.2912,9.88467,0,0.580577,0,-82.3155,-84.5483
57.3912,9.88467,0,0.580577,0,-82.3155,-84.5483
57.4911,9.80901,0,0.56596,0,-82.9654,-84.5483
57.5912,9.80901,0,0.56596,0,-82.9654,-84.5483
57.6911,9.69614,0,0.548682,0,-83.4729,-84.5483
57.7911,9.69614,0,0.548682,0,-83.4729,-84.5483
57.8912,9.69614,0,0.548682,0,-83.4729,-84.5483
57.9912,9.56986,0,0.537098,0,-83.921,-84.5483
58.0912,9.56986,0,0.537098,0,-83.921,-84.5483
58.1911,9.4325,0,0.524787,0,-84.2729,-84.5483
58.2911,9.4325,0,0.524787,0,-84.2729,-84.5483
58.3912,9.4325,0,0.524787,0,-84.2729,-84.5483
58.4912,9.28092,0,0.511871,0,-84.553,-84.5483
58.5912,9.28092,0,0.511871,0,-84.553,-84.5483
58.6912,9.11948,0,0.497925,0,-84.7903,-84.5483
58.7912,9.11948,0,0.497925,0,-84.7903,-84.5483
58.8911,8.9544,0,0.484191,0,-85.0089,-84.5483
58.9912,8.9544,0,0.484191,0,-85.0089,-84.5483
59.0911,8.9544,0,0.484191,0,-85.0089,-84.5483
59.1912,8.78749,0,0.47557,0,-85.2452,-84.5483
59.2912,8.78749,0,0.47557,0,-85.2452,-84.5483
59.3911,8.62104,0,0.466551,0,-85.4478,-84.5483
59.4912,8.62104,0,0.466551,0,-85.4478,-84.5483
59.5911,8.62104,0,0.466551,0,-85.4478,-84.5483
59.6912,8.4573,0,0.45863,0,-85.6337,-84.5483
59.7912,8.4573,0,0.45863,0,-85.6337,-84.5483
59.8912,8.29746,0,0.450523,0,-85.7916,-84.5483
59.9912,8.29746,0,0.450523,0,-85.7916,-84.5483
60.0911,8.14164,0,0.442476,0,-85.9119,-84.5483
60.1911,8.14164,0,0.442476,0,-85.9119,-84.5483
60.2912,8.14164,0,0.442476,0,-85.9119,-84.5483
60.3912,7.99158,0,0.437794,0,-86.0249,-84.5483
60.4912,7.99158,0,0.437794,0,-86.0249,-84.5483
60.5911,7.84647,0,0.43279,0,-86.114,-84.5483
60.6911,7.84647,0,0.43279,0,-86.114,-84.5483
60.7912,7.84647,0,0.43279,0,-86.114,-84.5483
60.8912,7.70436,0,0.425443,0,-86.179,-84.5483
60.9912,7.70436,0,0.425443,0,-86.179,-84.5483
61.0911,7.56536,0,0.417313,0,-86.2294,-84.5483
61.1912,7.56536,0,0.417313,0,-86.2294,-84.5483
61.2912,7.42962,0,0.409093,0,-86.2678,-84.5483
61.3912,7.42962,0,0.409093,0,-86.2678,-84.5483
61.4912,7.42962,0,0.409093,0,-86.2678,-84.5483
61.5912,7.29586,0,0.4051,0,-86.3351,-84.5483
61.6912,7.29586,0,0.4051,0,-86.3351,-84.5483
61.7911,7.16324,0,0.400693,0,-86.3904,-84.5483
61.8912,7.16324,0,0.400693,0,-86.3904,-84.5483
61.9912,7.16324,0,0.400693,0,-86.3904,-84.5483
62.0912,7.03151,0,0.395649,0,-86.4339,-84.5483
62.1912,7.03151,0,0.395649,0,-86.4339,-84.5483
62.2911,6.90047,0,0.391209,0,-86.4771,-84.5483
62.3912,6.90047,0,0.391209,0,-86.4771,-84.5483
62.4911,6.76742,0,0.387505,0,-86.5248,-84.5483
62.5911,6.76742,0,0.387505,0,-86.5248,-84.5483
62.6912,6.76742,0,0.387505,0,-86.5248,-84.5483
62.7911,6.63646,0,0.386716,0,-86.5897,-84.5483
62.8912,6.63646,0,0.386716,0,-86.5897,-84.5483
62.9911,6.50335,0,0.384915,0,-86.64,-84.5483
63.0911,6.50335,0,0.384915,0,-86.64,-84.5483
63.1912,6.50335,0,0.384915,0,-86.64,-84.5483
63.2912,6.36859,0,0.382204,0,-86.6808,-84.5483
63.3912,6.36859,0,0.382204,0,-86.6808,-84.5483
63.4911,6.2329,0,0.37939,0,-86.7179,-84.5483
63.5912,6.2329,0,0.37939,0,-86.7179,-84.5483
63.6911,6.09376,0,0.374094,0,-86.7222,-84.5483
63.7912,6.09376,0,0.374094,0,-86.7222,-84.5483
63.8912,6.09376,0,0.374094,0,-86.7222,-84.5483
63.9911,5.95786,0,0.369655,0,-86.7267,-84.5483
64.0911,5.95786,0,0.369655,0,-86.7267,-84.5483
64.1911,5.821,0,0.365615,0,-86.7406,-84.5483
64.2912,5.821,0,0.365615,0,-86.7406,-84.5483
64.3912,5.821,0,0.365615,0,-86.7406,-84.5483
64.4911,5.68203,0,0.362524,0,-86.7672,-84.5483
64.5912,5.68203,0,0.362524,0,-86.7672,-84.5483
64.6911,5.54121,0,0.359609,0,-86.7999,-84.5483
64.7912,5.54121,0,0.359609,0,-86.7999,-84.5483
64.8911,5.40073,0,0.355951,0,-86.8282,-84.5483
64.9911,5.40073,0,0.355951,0,-86.8282,-84.5483
65.0912,5.40073,0,0.355951,0,-86.8282,-84.5483
65.1912,5.26232,0,0.354495,0,-86.8792,-84.5483
65.2912,5.26232,0,0.354495,0,-86.8792,-84.5483
65.3911,5.12168,0,0.350743,0,-86.9034,-84.5483
65.4912,5.12168,0,0.350743,0,-86.9034,-84.5483
65.5912,5.12168,0,0.350743,0,-86.9034,-84.5483
65.6912,4.98032,0,0.346098,0,-86.9165,-84.5483
65.7912,4.98032,0,0.346098,0,-86.9165,-84.5483
65.8911,4.83782,0,0.340585,0,-86.9165,-84.5483
65.9912,4.83782,0,0.340585,0,-86.9165,-84.5483
66.0911,4.69375,0,0.334617,0,-86.9027,-84.5483
66.1912,4.69375,0,0.334617,0,-86.9027,-84.5483
66.2912,4.69375,0,0.334617,0,-86.9027,-84.5483
66.3912,4.55253,0,0.331751,0,-86.9273,-84.5483
66.4912,4.55253,0,0.331751,0,-86.9273,-84.5483
66.5911,4.41018,0,0.327911,0,-86.951,-84.5483
66.6912,4.41018,0,0.327911,0,-86.951,-84.5483
66.7912,4.41018,0,0.327911,0,-86.951,-84.5483
66.8912,4.26626,0,0.323486,0,-86.9818,-84.5483
66.9912,4.26626,0,0.323486,0,-86.9818,-84.5483
67.0912,4.12195,0,0.319398,0,-87.0275,-84.5483
67.1912,4.12195,0,0.319398,0,-87.0275,-84.5483
67.2912,3.97521,0,0.314206,0,-87.0619,-84.5483
67.3912,3.97521,0,0.314206,0,-87.0619,-84.5483
67.4911,3.97521,0,0.314206,0,-87.0619,-84.5483
67.5912,3.83174,0,0.311421,0,-87.1263,-84.5483
67.6912,3.83174,0,0.311421,0,-87.1263,-84.5483
67.7911,3.68751,0,0.307278,0,-87.1707,-84.5483
67.8912,3.68751,0,0.307278,0,-87.1707,-84.5483
67.9912,3.68751,0,0.307278,0,-87.1707,-84.5483
68.0911,3.54328,0,0.301755,0,-87.1908,-84.5483
68.1911,3.54328,0,0.301755,0,-87.1908,-84.5483
68.2912,3.39896,0,0.29527,0,-87.191,-84.5483
68.3912,3.39896,0,0.29527,0,-87.191,-84.5483
68.4911,3.25211,0,0.287707,0,-87.1741,-84.5483
68.5912,3.25211,0,0.287707,0,-87.1741,-84.5483
68.6912,3.25211,0,0.287707,0,-87.1741,-84.5483
68.7912,3.10896,0,0.28374,0,-87.2305,-84.5483
68.8912,3.10896,0,0.28374,0,-87.2305,-84.5483
68.9911,2.96551,0,0.280043,0,-87.3149,-84.5483
69.0911,2.96551,0,0.280043,0,-87.3149,-84.5483
69.1911,2.96551,0,0.280043,0,-87.3149,-84.5483
69.2912,2.82116,0,0.274867,0,-87.3955,-84.5483
69.3912,2.82116,0,0.274867,0,-87.3955,-84.5483
69.4911,2.67511,0,0.267814,0,-87.4594,-84.5483
69.5912,2.67511,0,0.267814,0,-87.4594,-84.5483
69.6911,2.52838,0,0.258508,0,-87.4664,-84.5483
69.7912,2.52838,0,0.258508,0,-87.4664,-84.5483
69.8912,2.52838,0,0.258508,0,-87.4664,-84.5483
69.9912,2.38616,0,0.252202,0,-87.5258,-84.5483
70.0911,2.38616,0,0.252202,0,-87.5258,-84.5483
70.1911,2.24269,0,0.246927,0,-87.6259,-84.5483
70.2912,2.24269,0,0.246927,0,-87.6259,-84.5483
70.3912,2.24269,0,0.246927,0,-87.6259,-84.5483
70.4913,2.09695,0,0.24097,0,-87.7504,-84.5483
70.5912,2.09695,0,0.24097,0,-87.7504,-84.5483
70.6911,1.9504,0,0.232455,0,-87.8412,-84.5483
70.7911,1.9504,0,0.232455,0,-87.8412,-84.5483
70.8911,1.80433,0,0.222491,0,-87.916,-84.5483
70.9911,1.80433,0,0.222491,0,-87.916,-84.5483
71.0911,1.80433,0,0.222491,0,-87.916,-84.5483
71.1911,1.66343,0,0.216193,0,-88.1153,-84.5483
71.2912,1.66343,0,0.216193,0,-88.1153,-84.5483
71.3911,1.52001,0,0.209123,0,-88.3409,-84.5483
71.4912,1.52001,0,0.209123,0,-88.3409,-84.5483
71.5912,1.52001,0,0.209123,0,-88.3409,-84.5483
71.6912,1.37443,0,0.199723,0,-88.5483,-84.5483
71.7912,1.37443,0,0.199723,0,-88.5483,-84.5483
71.8911,1.22993,0,0.188373,0,-88.7401,-84.5483
71.9911,1.22993,0,0.188373,0,-88.7401,-84.5483
72.0911,1.22993,0,0.188373,0,-88.7401,-84.5483
72.1912,1.08496,0,0.175349,0,-88.9329,-84.5483
72.2912,1.08496,0,0.175349,0,-88.9329,-84.5483
72.3912,0.942751,0,0.164354,0,-89.3341,-84.5483
72.4912,0.942751,0,0.164354,0,-89.3341,-84.5483
72.5911,0.799677,0,0.151534,0,-89.8344,-84.5483
72.6912,0.799677,0,0.151534,0,-89.8344,-84.5483
72.7911,0.799677,0,0.151534,0,-89.8344,-84.5483
72.8912,0.663943,0,0.139428,0,-90.6039,-84.5483
72.8912,0.663943,0,0.139428,0,-90.6039,-84.5483
72.991,0.663943,0,0.139428,0,-90.6039,-84.5483
73.0911,0.544458,0,0.128845,0,-90.6039,-84.5483
73.191,0.544458,0,0.128845,0,-90.6039,-84.5483
73.291,0.454767,0,0.119365,0,-92.5362,-84.5483
73.5911,0.396443,0,0.114744,0,-93.6,-84.5483
73.6911,0.396443,0,0.114744,0,-93.6,-84.5483
73.791,0.369186,0,0.110392,0,-94.043,-84.5483
73.8911,0.369186,0,0.110392,0,-94.043,-84.5483
73.991,0.369186,0,0.110392,0,-94.043,-84.5483
74.091,0.368354,0,0.105791,0,-93.6069,-84.5483
74.1911,0.368354,0,0.105791,0,-93.6069,-84.5483
74.2911,0.379341,0,0.10185,0,-92.8512,-84.5483
74.3911,0.379341,0,0.10185,0,-92.8512,-84.5483
74.491,0.379341,0,0.10185,0,-92.8512,-84.5483
74.591,0.398572,0,0.0981842,0,-91.7939,-84.5483
74.6911,0.398572,0,0.0981842,0,-91.7939,-84.5483
74.7911,0.431098,0,0.0982806,0,-90.7955,-84.5483
74.8911,0.431098,0,0.0982806,0,-90.7955,-84.5483
74.991,0.465929,0,0.0992367,0,-89.8931,-84.5483
75.0911,0.465929,0,0.0992367,0,-89.8931,-84.5483
75.191,0.465929,0,0.0992367,0,-89.8931,-84.5483
75.2911,0.499275,0,0.100667,0,-89.1851,-84.5483
75.3911,0.499275,0,0.100667,0,-89.1851,-84.5483
75.4911,0.529675,0,0.102027,0,-88.643,-84.5483
75.5911,0.529675,0,0.102027,0,-88.643,-84.5483
75.691,0.555733,0,0.103445,0,-88.2854,-84.5483
75.791,0.555733,0,0.103445,0,-88.2854,-84.5483
75.8911,0.555733,0,0.103445,0,-88.2854,-84.5483
75.991,0.582148,0,0.109072,0,-88.3841,-84.5483
76.0911,0.582148,0,0.109072,0,-88.3841,-84.5483
76.1911,0.602652,0,0.114485,0,-88.5581,-84.5483
76.2911,0.602652,0,0.114485,0,-88.5581,-84.5483
76.3911,0.602652,0,0.114485,0,-88.5581,-84.5483
76.491,0.61755,0,0.118664,0,-88.6924,-84.5483
76.5911,0.61755,0,0.118664,0,-88.6924,-84.5483
76.6911,0.626483,0,0.122617,0,-88.8936,-84.5483
76.7911,0.626483,0,0.122617,0,-88.8936,-84.5483
76.8911,0.626483,0,0.122617,0,-88.8936,-84.5483
76.9911,0.630492,0,0.127796,0,-89.2715,-84.5483
77.0911,0.630492,0,0.127796,0,-89.2715,-84.5483
77.191,0.635513,0,0.135711,0,-89.853,-84.5483
77.2911,0.635513,0,0.135711,0,-89.853,-84.5483
77.391,0.635513,0,0.135711,0,-89.853,-84.5483
77.4911,0.635569,0,0.142022,0,-90.3901,-84.5483
77.5911,0.635569,0,0.142022,0,-90.3901,-84.5483
77.6911,0.632363,0,0.14631,0,-90.8209,-84.5483
77.7911,0.632363,0,0.14631,0,-90.8209,-84.5483
77.8911,0.627597,0,0.148762,0,-91.1292,-84.5483
77.9911,0.627597,0,0.148762,0,-91.1292,-84.5483
78.091,0.627597,0,0.148762,0,-91.1292,-84.5483
78.1911,0.620304,0,0.14991,0,-91.3837,-84.5483
78.2911,0.620304,0,0.14991,0,-91.3837,-84.5483
78.391,0.616539,0,0.152874,0,-91.7244,-84.5483
78.4911,0.616539,0,0.152874,0,-91.7244,-84.5483
