0,0.262558,0,-0.218211,0,83.8269,90.1582
0.658728,0.262558,0,-0.218211,0,83.8269,90.1582
0.992017,0.287846,0,-0.237957,0,83.2591,90.1582
1.32538,0.297778,0,-0.247494,0,83.9405,90.1582
1.65861,0.307426,0,-0.259207,0,96.4723,90.1582
1.99198,0.30961,0,-0.259164,0,100.699,90.1582
2.32532,0.309954,0,-0.256309,0,101.387,90.1582
2.65867,0.315136,0,-0.251565,0,97.0488,90.1582
2.99197,0.312533,0,-0.24772,0,93.832,90.1582
3.32526,0.306888,0,-0.236316,0,89.0568,90.1582
3.65871,0.307741,0,-0.233148,0,88.1088,90.1582
3.99203,0.305092,0,-0.220048,2.09,88.1913,90.1582
4.32534,0.281305,0,-0.0703098,2.09,89.5555,90.1582
4.6587,0.265702,0,0.0613008,2.09,90.5127,90.1582
4.99202,0.255453,0,0.201195,2.09,90.9999,90.1582
5.32533,0.23111,0,0.520019,2.09,90.3943,90.1582
5.65864,0.21407,0,0.693833,2.09,89.7133,90.1582
5.99192,0.177112,0,1.04623,2.09,88.1728,90.1582
6.32531,0.155574,0,1.21986,2.09,87.5532,90.1582
6.65868,0.131282,0,1.39254,2.09,87.1161,90.1582
6.65869,0.131282,0,1.39254,2.09,87.1161,90.1582
6.99201,0.0800458,0,1.71311,2.09,87.1161,90.1582
7.32525,0.0588373,0,1.84493,2.09,87.1161,90.1582
7.65867,0.0165703,0,2.05005,2.09,87.1161,90.1582
7.99209,-0.0423865,0,2.17345,2.09,87.1161,90.1582
8.99217,-0.0482954,0,2.15593,2.09,87.1161,90.1582
9.32544,-0.0563022,0,2.10275,2.09,87.1161,90.1582
9.65883,-0.0545478,0,2.06733,2.09,87.1161,90.1582
9.99216,-0.0518644,0,2.0327,2.09,87.1161,90.1582
10.3254,-0.0455104,0,1.97343,2.09,87.1161,90.1582
10.6588,-0.0413345,0,1.95149,2.09,87.1161,90.1582
10.9922,-0.03193,0,1.93067,2.09,87.1161,90.1582
11.3255,-0.0153576,0,1.90526,2.09,87.1161,90.1582
11.6588,-0.00867863,0,1.89984,2.09,87.1161,90.1582
11.9921,0.00888444,0,1.89827,2.09,87.1161,90.1582
12.3255,0.016632,0,1.90112,2.09,87.1161,90.1582
12.6588,0.0223414,0,1.90583,2.09,87.1161,90.1582
12.9921,0.0248395,0,1.91938,2.09,87.1161,90.1582
13.3255,0.0275198,0,1.92475,2.09,87.1161,90.1582
13.6587,0.0288717,0,1.93697,2.09,87.1161,90.1582
13.9919,0.00540761,0,1.96476,2.09,87.1161,99.0621
14.3251,0.00540761,0,1.96476,2.09,87.1161,99.0621
14.6583,-0.00207995,0,1.9652,2.09,86.8339390918,99.0621
14.9915,-0.00146346,0,1.96324,2.09,87.5032510136,99.0621
15.3247,-0.00203612,0,1.96359,2.09,101.0384441618,99.0621
15.6579,-0.00388252,0,1.96487,2.09,106.4346074843,99.0621
15.9911,-0.00710962,0,1.96501,2.09,107.9365128147,99.0621
16.3243,-0.0042123,0,1.99694,2.09,104.3316338006,99.0621
16.6575,-0.00242711,0,2.04682,2.09,100.8383067734,99.0621
16.9907,-0.00265982,0,2.0791,2.09,95.4934354919,99.0621
17.3239,0.00117682,0,2.08835,2.09,94.6928859384,99.0621
17.6571,0.00480751,0,2.11172,3.62,94.8963042676,99.0621
17.9903,0.00977294,0,2.27145,3.62,96.7692840017,99.0621
18.3235,0.00642902,0,2.40361,3.62,97.4894505058,99.0621
18.6567,0.00611205,0,2.54212,3.62,98.0928155177,99.0621
18.9899,0.00563115,0,2.85064,3.62,98.3860222599,99.0621
19.3231,0.00506242,0,3.02123,3.62,97.9922,99.0621
19.6563,0.00506242,0,3.02123,3.62,97.9922,99.0621
19.9895,0.00867793,0,3.35279,3.62,97.9922,99.0621
20.3227,0.0113473,0,3.49574,3.62,97.9922,99.0621
20.6559,0.0123525,0,3.61448,3.62,97.9922,99.0621
20.9891,-0.00585535,0,3.85472,3.62,97.9922,99.0621
21.3223,-0.0143277,0,3.84194,3.62,97.9922,99.0621
21.6555,-0.0253551,0,3.82255,3.62,97.9922,99.0621
21.9887,-0.0415763,0,3.76406,3.62,97.9922,99.0621
22.3219,-0.0473243,0,3.73244,3.62,97.9922,99.0621
22.6551,-0.0554559,0,3.67473,3.62,97.9922,99.0621
22.9883,-0.0551709,0,3.64852,3.62,97.9922,99.0621
23.3215,-0.0545614,0,3.6279,3.62,97.9922,99.0621
23.6547,-0.0504287,0,3.59969,3.62,97.9922,99.0621
23.9879,-0.0487198,0,3.59081,3.62,97.9922,99.0621
24.3211,-0.0438957,0,3.58422,3.62,97.9922,99.0621
24.6543,-0.0360728,0,3.58105,3.62,97.9922,99.0621
24.9875,-0.0327323,0,3.58463,3.62,97.9922,99.0621
25.3207,-0.0274078,0,3.59658,3.62,97.9922,99.0621
25.6539,-0.0235168,0,3.60349,3.62,97.9922,99.0621
25.9871,-0.0182962,0,3.61519,3.62,97.9922,99.0621
26.0031,-0.0212232,0,3.64429,3.62,97.9884390941,80.42
26.0191,-0.0212232,0,3.64429,3.62,97.9884390941,80.42
26.0351,-0.0212232,0,3.64429,3.62,97.9884390941,80.42
26.0511,-0.0212232,0,3.64429,3.62,97.9884390941,80.42
26.0671,-0.0212232,0,3.64429,3.62,97.9884390941,80.42
26.0831,-0.0212232,0,3.64429,3.62,97.9884390941,80.42
26.0991,-0.0212232,0,3.64429,3.62,97.9884390941,80.42
26.1151,-0.0212232,0,3.64429,3.62,97.9884390941,80.42
26.1311,-0.0212232,0,3.64429,3.62,97.9884390941,80.42
26.1471,-0.0212232,0,3.64429,3.62,97.9884390941,80.42
26.1631,-0.0212232,0,3.64429,3.62,97.9884390941,80.42
26.1791,-0.0212232,0,3.64429,3.62,97.9884390941,80.42
26.1951,-0.0212232,0,3.64429,3.62,97.9884390941,80.42
26.2111,-0.0212232,0,3.64429,3.62,97.9884390941,80.42
26.2271,-0.0212232,0,3.64429,3.62,97.9884390941,80.42
26.2431,-0.022278,0,3.64536,3.62,97.9856309259,80.42
26.2591,-0.022278,0,3.64536,3.62,97.9856309259,80.42
26.2751,-0.022278,0,3.64536,3.62,97.9856309259,80.42
26.2911,-0.022278,0,3.64536,3.62,97.9856309259,80.42
26.3071,-0.022278,0,3.64536,3.62,97.9856309259,80.42
26.3231,-0.022278,0,3.64536,3.62,97.9856309259,80.42
26.3391,-0.022278,0,3.64536,3.62,97.9856309259,80.42
26.3551,-0.022278,0,3.64536,3.62,97.9856309259,80.42
26.3711,-0.022278,0,3.64536,3.62,97.9856309259,80.42
26.3871,-0.022278,0,3.64536,3.62,97.9856309259,80.42
26.4031,-0.022278,0,3.64536,3.62,97.9856309259,80.42
26.4191,-0.022278,0,3.64536,3.62,97.9856309259,80.42
26.4351,-0.022278,0,3.64536,3.62,97.9856309259,80.42
26.4511,-0.022278,0,3.64536,3.62,97.9856309259,80.42
26.4671,-0.025713,0,3.64662,3.62,97.7251959855,80.42
26.4831,-0.025713,0,3.64662,3.62,97.7251959855,80.42
26.4991,-0.025713,0,3.64662,3.62,97.7251959855,80.42
26.5151,-0.025713,0,3.64662,3.62,97.7251959855,80.42
26.5311,-0.025713,0,3.64662,3.62,97.7251959855,80.42
26.5471,-0.025713,0,3.64662,3.62,97.7251959855,80.42
26.5631,-0.025713,0,3.64662,3.62,97.7251959855,80.42
26.5791,-0.025713,0,3.64662,3.62,97.7251959855,80.42
26.5951,-0.025713,0,3.64662,3.62,97.7251959855,80.42
26.6111,-0.025713,0,3.64662,3.62,97.7251959855,80.42
26.6271,-0.025713,0,3.64662,3.62,97.7251959855,80.42
26.6431,-0.025713,0,3.64662,3.62,97.7251959855,80.42
26.6591,-0.025713,0,3.64662,3.62,97.7251959855,80.42
26.6751,-0.025713,0,3.64662,3.62,97.7251959855,80.42
26.6911,-0.025713,0,3.64662,3.62,97.7251959855,80.42
26.7071,-0.025713,0,3.64662,3.62,97.7251959855,80.42
26.7231,-0.0271237,0,3.64509,3.62,96.07997185,80.42
26.7391,-0.0271237,0,3.64509,3.62,96.07997185,80.42
26.7551,-0.0271237,0,3.64509,3.62,96.07997185,80.42
26.7711,-0.0271237,0,3.64509,3.62,96.07997185,80.42
26.7871,-0.0271237,0,3.64509,3.62,96.07997185,80.42
26.8031,-0.0271237,0,3.64509,3.62,96.07997185,80.42
26.8191,-0.0271237,0,3.64509,3.62,96.07997185,80.42
26.8351,-0.0271237,0,3.64509,3.62,96.07997185,80.42
26.8511,-0.0271237,0,3.64509,3.62,96.07997185,80.42
26.8671,-0.0271237,0,3.64509,3.62,96.07997185,80.42
26.8831,-0.0271237,0,3.64509,3.62,96.07997185,80.42
26.8991,-0.0271237,0,3.64509,3.62,96.07997185,80.42
26.9151,-0.0271237,0,3.64509,3.62,96.07997185,80.42
26.9311,-0.0271237,0,3.64509,3.62,96.07997185,80.42
26.9471,-0.0289218,0,3.64355,3.62,93.069479817,80.42
26.9631,-0.0289218,0,3.64355,3.62,93.069479817,80.42
26.9791,-0.0289218,0,3.64355,3.62,93.069479817,80.42
26.9951,-0.0289218,0,3.64355,3.62,93.069479817,80.42
27.0111,-0.0289218,0,3.64355,3.62,93.069479817,80.42
27.0271,-0.0289218,0,3.64355,3.62,93.069479817,80.42
27.0431,-0.0289218,0,3.64355,3.62,93.069479817,80.42
27.0591,-0.0289218,0,3.64355,3.62,93.069479817,80.42
27.0751,-0.0289218,0,3.64355,3.62,93.069479817,80.42
27.0911,-0.0289218,0,3.64355,3.62,93.069479817,80.42
27.1071,-0.0289218,0,3.64355,3.62,93.069479817,80.42
27.1231,-0.0289218,0,3.64355,3.62,93.069479817,80.42
27.1391,-0.0289218,0,3.64355,3.62,93.069479817,80.42
27.1551,-0.0289218,0,3.64355,3.62,93.069479817,80.42
27.1711,-0.030814,0,3.64152,3.62,89.5390237635,80.42
27.1871,-0.030814,0,3.64152,3.62,89.5390237635,80.42
27.2031,-0.030814,0,3.64152,3.62,89.5390237635,80.42
27.2191,-0.030814,0,3.64152,3.62,89.5390237635,80.42
27.2351,-0.030814,0,3.64152,3.62,89.5390237635,80.42
27.2511,-0.030814,0,3.64152,3.62,89.5390237635,80.42
27.2671,-0.030814,0,3.64152,3.62,89.5390237635,80.42
27.2831,-0.030814,0,3.64152,3.62,89.5390237635,80.42
27.2991,-0.030814,0,3.64152,3.62,89.5390237635,80.42
27.3151,-0.030814,0,3.64152,3.62,89.5390237635,80.42
27.3311,-0.030814,0,3.64152,3.62,89.5390237635,80.42
27.3471,-0.030814,0,3.64152,3.62,89.5390237635,80.42
27.3631,-0.030814,0,3.64152,3.62,89.5390237635,80.42
27.3791,-0.030814,0,3.64152,3.62,89.5390237635,80.42
27.3951,-0.0321721,0,3.63987,3.62,86.4618603858,80.42
27.4111,-0.0321721,0,3.63987,3.62,86.4618603858,80.42
27.4271,-0.0321721,0,3.63987,3.62,86.4618603858,80.42
27.4431,-0.0321721,0,3.63987,3.62,86.4618603858,80.42
27.4591,-0.0321721,0,3.63987,3.62,86.4618603858,80.42
27.4751,-0.0321721,0,3.63987,3.62,86.4618603858,80.42
27.4911,-0.0321721,0,3.63987,3.62,86.4618603858,80.42
27.5071,-0.0321721,0,3.63987,3.62,86.4618603858,80.42
27.5231,-0.0321721,0,3.63987,3.62,86.4618603858,80.42
27.5391,-0.0321721,0,3.63987,3.62,86.4618603858,80.42
27.5551,-0.0321721,0,3.63987,3.62,86.4618603858,80.42
27.5711,-0.0321721,0,3.63987,3.62,86.4618603858,80.42
27.5871,-0.0321721,0,3.63987,3.62,86.4618603858,80.42
27.6031,-0.0321721,0,3.63987,3.62,86.4618603858,80.42
27.6191,-0.0339542,0,3.63864,3.62,84.4861782806,80.42
27.6351,-0.0339542,0,3.63864,3.62,84.4861782806,80.42
27.6511,-0.0339542,0,3.63864,3.62,84.4861782806,80.42
27.6671,-0.0339542,0,3.63864,3.62,84.4861782806,80.42
27.6831,-0.0339542,0,3.63864,3.62,84.4861782806,80.42
27.6991,-0.0339542,0,3.63864,3.62,84.4861782806,80.42
27.7151,-0.0339542,0,3.63864,3.62,84.4861782806,80.42
27.7311,-0.0339542,0,3.63864,3.62,84.4861782806,80.42
27.7471,-0.0339542,0,3.63864,3.62,84.4861782806,80.42
27.7631,-0.0339542,0,3.63864,3.62,84.4861782806,80.42
27.7791,-0.0339542,0,3.63864,3.62,84.4861782806,80.42
27.7951,-0.0339542,0,3.63864,3.62,84.4861782806,80.42
27.8111,-0.0339542,0,3.63864,3.62,84.4861782806,80.42
27.8271,-0.0339542,0,3.63864,3.62,84.4861782806,80.42
27.8431,-0.0339542,0,3.63864,3.62,84.4861782806,80.42
27.8591,-0.0339542,0,3.63864,3.62,84.4861782806,80.42
27.8751,-0.0338436,0,3.6372,3.62,83.7451389656,80.42
27.8911,-0.0338436,0,3.6372,3.62,83.7451389656,80.42
27.9071,-0.0338436,0,3.6372,3.62,83.7451389656,80.42
27.9231,-0.0338436,0,3.6372,3.62,83.7451389656,80.42
27.9391,-0.0338436,0,3.6372,3.62,83.7451389656,80.42
27.9551,-0.0338436,0,3.6372,3.62,83.7451389656,80.42
27.9711,-0.0338436,0,3.6372,3.62,83.7451389656,80.42
27.9871,-0.0338436,0,3.6372,3.62,83.7451389656,80.42
28.0031,-0.0338436,0,3.6372,3.62,83.7451389656,80.42
28.0191,-0.0338436,0,3.6372,3.62,83.7451389656,80.42
28.0351,-0.0338436,0,3.6372,3.62,83.7451389656,80.42
28.0511,-0.0338436,0,3.6372,3.62,83.7451389656,80.42
28.0671,-0.0338436,0,3.6372,3.62,83.7451389656,80.42
28.0831,-0.0338436,0,3.6372,3.62,83.7451389656,80.42
28.0991,-0.033982,0,3.63807,3.62,83.856650413,80.42
28.1151,-0.033982,0,3.63807,3.62,83.856650413,80.42
28.1311,-0.033982,0,3.63807,3.62,83.856650413,80.42
28.1471,-0.033982,0,3.63807,3.62,83.856650413,80.42
28.1631,-0.033982,0,3.63807,3.62,83.856650413,80.42
28.1791,-0.033982,0,3.63807,3.62,83.856650413,80.42
28.1951,-0.033982,0,3.63807,3.62,83.856650413,80.42
28.2111,-0.033982,0,3.63807,3.62,83.856650413,80.42
28.2271,-0.033982,0,3.63807,3.62,83.856650413,80.42
28.2431,-0.033982,0,3.63807,3.62,83.856650413,80.42
28.2591,-0.033982,0,3.63807,3.62,83.856650413,80.42
28.2751,-0.033982,0,3.63807,3.62,83.856650413,80.42
28.2911,-0.033982,0,3.63807,3.62,83.856650413,80.42
28.3071,-0.033982,0,3.63807,3.62,83.856650413,80.42
28.3231,-0.0346855,0,3.64018,3.62,84.23530017,80.42
28.3391,-0.0346855,0,3.64018,3.62,84.23530017,80.42
28.3551,-0.0346855,0,3.64018,3.62,84.23530017,80.42
28.3711,-0.0346855,0,3.64018,3.62,84.23530017,80.42
28.3871,-0.0346855,0,3.64018,3.62,84.23530017,80.42
28.4031,-0.0346855,0,3.64018,3.62,84.23530017,80.42
28.4191,-0.0346855,0,3.64018,3.62,84.23530017,80.42
28.4351,-0.0346855,0,3.64018,3.62,84.23530017,80.42
28.4511,-0.0346855,0,3.64018,3.62,84.23530017,80.42
28.4671,-0.0346855,0,3.64018,3.62,84.23530017,80.42
28.4831,-0.0346855,0,3.64018,3.62,84.23530017,80.42
28.4991,-0.0346855,0,3.64018,3.62,84.23530017,80.42
28.5151,-0.0346855,0,3.64018,3.62,84.23530017,80.42
28.5311,-0.0346855,0,3.64018,3.62,84.23530017,80.42
28.5471,-0.0351016,0,3.64246,3.62,84.39926095,80.42
28.5631,-0.0351016,0,3.64246,3.62,84.39926095,80.42
28.5791,-0.0351016,0,3.64246,3.62,84.39926095,80.42
28.5951,-0.0351016,0,3.64246,3.62,84.39926095,80.42
28.6111,-0.0351016,0,3.64246,3.62,84.39926095,80.42
28.6271,-0.0351016,0,3.64246,3.62,84.39926095,80.42
28.6431,-0.0351016,0,3.64246,3.62,84.39926095,80.42
28.6591,-0.0351016,0,3.64246,3.62,84.39926095,80.42
28.6751,-0.0351016,0,3.64246,3.62,84.39926095,80.42
28.6911,-0.0351016,0,3.64246,3.62,84.39926095,80.42
28.7071,-0.0351016,0,3.64246,3.62,84.39926095,80.42
28.7231,-0.0351016,0,3.64246,3.62,84.39926095,80.42
28.7391,-0.0351016,0,3.64246,3.62,84.39926095,80.42
28.7551,-0.0359424,0,3.64344,3.62,84.1166777164,80.42
28.7711,-0.0359424,0,3.64344,3.62,84.1166777164,80.42
28.7871,-0.0359424,0,3.64344,3.62,84.1166777164,80.42
28.8031,-0.0359424,0,3.64344,3.62,84.1166777164,80.42
28.8191,-0.0359424,0,3.64344,3.62,84.1166777164,80.42
28.8351,-0.0359424,0,3.64344,3.62,84.1166777164,80.42
28.8511,-0.0359424,0,3.64344,3.62,84.1166777164,80.42
28.8671,-0.0359424,0,3.64344,3.62,84.1166777164,80.42
28.8831,-0.0359424,0,3.64344,3.62,84.1166777164,80.42
28.8991,-0.0359424,0,3.64344,3.62,84.1166777164,80.42
28.9151,-0.0359424,0,3.64344,3.62,84.1166777164,80.42
28.9311,-0.0359424,0,3.64344,3.62,84.1166777164,80.42
28.9471,-0.0359424,0,3.64344,3.62,84.1166777164,80.42
28.9631,-0.0359424,0,3.64344,3.62,84.1166777164,80.42
28.9791,-0.0359424,0,3.64344,3.62,84.1166777164,80.42
28.9951,-0.0359424,0,3.64344,3.62,84.1166777164,80.42
29.0111,-0.0339722,0,3.64291,3.62,83.4828470106,80.42
29.0271,-0.0339722,0,3.64291,3.62,83.4828470106,80.42
29.0431,-0.0339722,0,3.64291,3.62,83.4828470106,80.42
29.0591,-0.0339722,0,3.64291,3.62,83.4828470106,80.42
29.0751,-0.0339722,0,3.64291,3.62,83.4828470106,80.42
29.0911,-0.0339722,0,3.64291,3.62,83.4828470106,80.42
29.1071,-0.0339722,0,3.64291,3.62,83.4828470106,80.42
29.1231,-0.0339722,0,3.64291,3.62,83.4828470106,80.42
29.1391,-0.0339722,0,3.64291,3.62,83.4828470106,80.42
29.1551,-0.0339722,0,3.64291,3.62,83.4828470106,80.42
29.1711,-0.0339722,0,3.64291,3.62,83.4828470106,80.42
29.1871,-0.0339722,0,3.64291,3.62,83.4828470106,80.42
29.2031,-0.0339722,0,3.64291,3.62,83.4828470106,80.42
29.2191,-0.0339722,0,3.64291,3.62,83.4828470106,80.42
29.2351,-0.0325724,0,3.64324,3.62,82.7038068408,80.42
29.2511,-0.0325724,0,3.64324,3.62,82.7038068408,80.42
29.2671,-0.0325724,0,3.64324,3.62,82.7038068408,80.42
29.2831,-0.0325724,0,3.64324,3.62,82.7038068408,80.42
29.2991,-0.0325724,0,3.64324,3.62,82.7038068408,80.42
29.3151,-0.0325724,0,3.64324,3.62,82.7038068408,80.42
29.3311,-0.0325724,0,3.64324,3.62,82.7038068408,80.42
29.3471,-0.0325724,0,3.64324,3.62,82.7038068408,80.42
29.3631,-0.0325724,0,3.64324,3.62,82.7038068408,80.42
29.3791,-0.0325724,0,3.64324,3.62,82.7038068408,80.42
29.3951,-0.0325724,0,3.64324,3.62,82.7038068408,80.42
29.4111,-0.0325724,0,3.64324,3.62,82.7038068408,80.42
29.4271,-0.0325724,0,3.64324,3.62,82.7038068408,80.42
29.4431,-0.0325724,0,3.64324,3.62,82.7038068408,80.42
29.4591,-0.0325724,0,3.64324,3.62,82.7038068408,80.42
29.4751,-0.032045,0,3.6438,3.62,82.0258154278,80.42
29.4911,-0.032045,0,3.6438,3.62,82.0258154278,80.42
29.5071,-0.032045,0,3.6438,3.62,82.0258154278,80.42
29.5231,-0.032045,0,3.6438,3.62,82.0258154278,80.42
29.5391,-0.032045,0,3.6438,3.62,82.0258154278,80.42
29.5551,-0.032045,0,3.6438,3.62,82.0258154278,80.42
29.5711,-0.032045,0,3.6438,3.62,82.0258154278,80.42
29.5871,-0.032045,0,3.6438,3.62,82.0258154278,80.42
29.6031,-0.032045,0,3.6438,3.62,82.0258154278,80.42
29.6191,-0.032045,0,3.6438,3.62,82.0258154278,80.42
29.6351,-0.032045,0,3.6438,3.62,82.0258154278,80.42
29.6511,-0.032045,0,3.6438,3.62,82.0258154278,80.42
29.6671,-0.032045,0,3.6438,3.62,82.0258154278,80.42
29.6831,-0.032045,0,3.6438,3.62,82.0258154278,80.42
29.6991,-0.0322737,0,3.64327,3.62,81.5908664308,80.42
29.7151,-0.0322737,0,3.64327,3.62,81.5908664308,80.42
29.7311,-0.0322737,0,3.64327,3.62,81.5908664308,80.42
29.7471,-0.0322737,0,3.64327,3.62,81.5908664308,80.42
29.7631,-0.0322737,0,3.64327,3.62,81.5908664308,80.42
29.7791,-0.0322737,0,3.64327,3.62,81.5908664308,80.42
29.7951,-0.0322737,0,3.64327,3.62,81.5908664308,80.42
29.8111,-0.0322737,0,3.64327,3.62,81.5908664308,80.42
29.8271,-0.0322737,0,3.64327,3.62,81.5908664308,80.42
29.8431,-0.0322737,0,3.64327,3.62,81.5908664308,80.42
29.8591,-0.0322737,0,3.64327,3.62,81.5908664308,80.42
29.8751,-0.0322737,0,3.64327,3.62,81.5908664308,80.42
29.8911,-0.0322737,0,3.64327,3.62,81.5908664308,80.42
29.9071,-0.0322737,0,3.64327,3.62,81.5908664308,80.42
29.9231,-0.0348806,0,3.64365,3.62,81.4174394069,80.42
29.9391,-0.0348806,0,3.64365,3.62,81.4174394069,80.42
29.9551,-0.0348806,0,3.64365,3.62,81.4174394069,80.42
29.9711,-0.0348806,0,3.64365,3.62,81.4174394069,80.42
29.9871,-0.0348806,0,3.64365,3.62,81.4174394069,80.42
30.0031,-0.0348806,0,3.64365,3.62,81.4174394069,80.42
30.0191,-0.0348806,0,3.64365,3.62,81.4174394069,80.42
30.0351,-0.0348806,0,3.64365,3.62,81.4174394069,80.42
30.0511,-0.0348806,0,3.64365,3.62,81.4174394069,80.42
30.0671,-0.0348806,0,3.64365,3.62,81.4174394069,80.42
30.0831,-0.0348806,0,3.64365,3.62,81.4174394069,80.42
30.0991,-0.0348806,0,3.64365,3.62,81.4174394069,80.42
30.1151,-0.0348806,0,3.64365,3.62,81.4174394069,80.42
30.1311,-0.0348806,0,3.64365,3.62,81.4174394069,80.42
30.1471,-0.0348806,0,3.64365,3.62,81.4174394069,80.42
30.1631,-0.0348806,0,3.64365,3.62,81.4174394069,80.42
30.1791,-0.0354043,0,3.64202,3.62,81.4348772247,80.42
30.1951,-0.0354043,0,3.64202,3.62,81.4348772247,80.42
30.2111,-0.0354043,0,3.64202,3.62,81.4348772247,80.42
30.2271,-0.0354043,0,3.64202,3.62,81.4348772247,80.42
30.2431,-0.0354043,0,3.64202,3.62,81.4348772247,80.42
30.2591,-0.0354043,0,3.64202,3.62,81.4348772247,80.42
30.2751,-0.0354043,0,3.64202,3.62,81.4348772247,80.42
30.2911,-0.0354043,0,3.64202,3.62,81.4348772247,80.42
30.3071,-0.0354043,0,3.64202,3.62,81.4348772247,80.42
30.3231,-0.0354043,0,3.64202,3.62,81.4348772247,80.42
30.3391,-0.0354043,0,3.64202,3.62,81.4348772247,80.42
30.3551,-0.0354043,0,3.64202,3.62,81.4348772247,80.42
30.3711,-0.0354043,0,3.64202,3.62,81.4348772247,80.42
30.3871,-0.0354043,0,3.64202,3.62,81.4348772247,80.42
30.4031,-0.036382,0,3.6416,3.62,81.5143212048,80.42
30.4191,-0.036382,0,3.6416,3.62,81.5143212048,80.42
30.4351,-0.036382,0,3.6416,3.62,81.5143212048,80.42
30.4511,-0.036382,0,3.6416,3.62,81.5143212048,80.42
30.4671,-0.036382,0,3.6416,3.62,81.5143212048,80.42
30.4831,-0.036382,0,3.6416,3.62,81.5143212048,80.42
30.4991,-0.036382,0,3.6416,3.62,81.5143212048,80.42
30.5151,-0.036382,0,3.6416,3.62,81.5143212048,80.42
30.5311,-0.036382,0,3.6416,3.62,81.5143212048,80.42
30.5471,-0.036382,0,3.6416,3.62,81.5143212048,80.42
30.5631,-0.036382,0,3.6416,3.62,81.5143212048,80.42
30.5791,-0.036382,0,3.6416,3.62,81.5143212048,80.42
30.5951,-0.036382,0,3.6416,3.62,81.5143212048,80.42
30.6111,-0.036382,0,3.6416,3.62,81.5143212048,80.42
30.6271,-0.0375217,0,3.64305,3.62,81.5585272051,80.42
30.6431,-0.0375217,0,3.64305,3.62,81.5585272051,80.42
30.6591,-0.0375217,0,3.64305,3.62,81.5585272051,80.42
30.6751,-0.0375217,0,3.64305,3.62,81.5585272051,80.42
30.6911,-0.0375217,0,3.64305,3.62,81.5585272051,80.42
30.7071,-0.0375217,0,3.64305,3.62,81.5585272051,80.42
30.7231,-0.0375217,0,3.64305,3.62,81.5585272051,80.42
30.7391,-0.0375217,0,3.64305,3.62,81.5585272051,80.42
30.7551,-0.0375217,0,3.64305,3.62,81.5585272051,80.42
30.7711,-0.0375217,0,3.64305,3.62,81.5585272051,80.42
30.7871,-0.0375217,0,3.64305,3.62,81.5585272051,80.42
30.8031,-0.0375217,0,3.64305,3.62,81.5585272051,80.42
30.8191,-0.0375217,0,3.64305,3.62,81.5585272051,80.42
30.8351,-0.0375217,0,3.64305,3.62,81.5585272051,80.42
30.8511,-0.0375217,0,3.64305,3.62,81.5585272051,80.42
30.8671,-0.0387133,0,3.6455,3.62,81.515997047,80.42
30.8831,-0.0387133,0,3.6455,3.62,81.515997047,80.42
30.8991,-0.0387133,0,3.6455,3.62,81.515997047,80.42
30.9151,-0.0387133,0,3.6455,3.62,81.515997047,80.42
30.9311,-0.0387133,0,3.6455,3.62,81.515997047,80.42
30.9471,-0.0387133,0,3.6455,3.62,81.515997047,80.42
30.9631,-0.0387133,0,3.6455,3.62,81.515997047,80.42
30.9791,-0.0387133,0,3.6455,3.62,81.515997047,80.42
30.9951,-0.0387133,0,3.6455,3.62,81.515997047,80.42
31.0111,-0.0387133,0,3.6455,3.62,81.515997047,80.42
31.0271,-0.0387133,0,3.6455,3.62,81.515997047,80.42
31.0431,-0.0387133,0,3.6455,3.62,81.515997047,80.42
31.0591,-0.0387133,0,3.6455,3.62,81.515997047,80.42
31.0751,-0.0402874,0,3.64731,3.62,81.3812049805,80.42
31.0911,-0.0402874,0,3.64731,3.62,81.3812049805,80.42
31.1071,-0.0402874,0,3.64731,3.62,81.3812049805,80.42
31.1231,-0.0402874,0,3.64731,3.62,81.3812049805,80.42
31.1391,-0.0402874,0,3.64731,3.62,81.3812049805,80.42
31.1551,-0.0402874,0,3.64731,3.62,81.3812049805,80.42
31.1711,-0.0402874,0,3.64731,3.62,81.3812049805,80.42
31.1871,-0.0402874,0,3.64731,3.62,81.3812049805,80.42
31.2031,-0.0402874,0,3.64731,3.62,81.3812049805,80.42
31.2191,-0.0402874,0,3.64731,3.62,81.3812049805,80.42
31.2351,-0.0402874,0,3.64731,3.62,81.3812049805,80.42
31.2511,-0.0402874,0,3.64731,3.62,81.3812049805,80.42
31.2671,-0.0402874,0,3.64731,3.62,81.3812049805,80.42
31.2831,-0.0402874,0,3.64731,3.62,81.3812049805,80.42
31.2991,-0.0402874,0,3.64731,3.62,81.3812049805,80.42
31.3151,-0.0402874,0,3.64731,3.62,81.3812049805,80.42
31.3311,-0.0392887,0,3.6466,3.62,81.2197806103,80.42
31.6611,-0.0287549,0,3.66765,3.62,81.219804666,127.233
31.9911,-0.0287549,0,3.66765,3.62,81.219804666,127.233
32.3211,-0.0298876,0,3.67078,3.62,81.1521217976,127.233
32.6511,-0.0278575,0,3.67477,3.62,81.2627255092,127.233
32.9811,-0.025805,0,3.68358,3.62,86.9922453972,127.233
33.3111,-0.0260273,0,3.68736,3.62,91.9636346192,127.233
33.6411,-0.0242849,0,3.69003,3.62,100.8156458613,127.233
33.9711,-0.0222172,0,3.69076,3.62,103.9748675527,127.233
34.3011,-0.0212005,0,3.69248,3.62,106.5686896729,127.233
34.6311,-0.0223495,0,3.69443,3.62,112.2643681267,127.233
34.9611,-0.0209877,0,3.69489,3.62,115.0554610461,127.233
35.2911,-0.0224681,0,3.69727,3.62,120.2253591687,127.233
35.6211,-0.0241943,0,3.69788,3.62,122.1869242502,127.233
35.9511,-0.0256122,0,3.69845,3.62,123.3907713664,127.233
36.2811,-0.0237599,0,3.69813,3.62,124.3973476831,127.233
36.6111,-0.0252016,0,3.69803,3.62,124.3461728315,127.233
36.9411,-0.0286143,1.64,3.6988,4.24,124.2727121573,127.233
37.2711,-0.00237931,1.64,3.70997,4.24,124.5591262466,127.233
37.6011,0.0681474,1.64,3.73611,4.24,124.7828098725,127.233
37.9311,0.300468,1.64,3.82215,4.24,125.1187480119,127.233
38.2611,0.434094,1.64,3.87068,4.24,125.2281136224,127.233
38.5911,0.582145,1.64,3.92336,4.24,125.2503994449,127.233
38.9211,0.901401,1.64,4.03361,4.24,125.0015410934,127.233
39.2511,1.06305,1.64,4.08763,4.24,124.711,127.233
39.5811,1.06305,1.64,4.08763,4.24,124.711,127.233
39.9111,1.368,1.64,4.18715,4.24,124.711,127.233
40.2411,1.49287,1.64,4.22742,4.24,124.711,127.233
40.5711,1.59095,1.64,4.2609,4.24,124.711,127.233
40.9011,1.7483,1.64,4.32481,4.24,124.711,127.233
41.2311,1.72432,1.64,4.3204,4.24,124.711,127.233
41.5611,1.69497,1.64,4.31407,4.24,124.711,127.233
41.8911,1.62719,1.64,4.29483,4.24,124.711,127.233
42.2211,1.59326,1.64,4.28462,4.24,124.711,127.233
42.5511,1.56208,1.64,4.27514,4.24,124.711,127.233
42.8811,1.51027,1.64,4.2564,4.24,124.711,127.233
43.2111,1.49138,1.64,4.24814,4.24,124.711,127.233
43.5411,1.46678,1.64,4.23355,4.24,124.711,127.233
43.8711,1.45977,1.64,4.22948,4.24,124.711,127.233
44.2011,1.4555,1.64,4.22504,4.24,124.711,127.233
44.5311,1.4544,1.64,4.21888,4.24,124.711,127.233
44.8611,1.45747,1.64,4.21633,4.24,124.711,127.233
45.1911,1.46621,1.64,4.21363,4.24,124.711,127.233
45.5211,1.47057,1.64,4.21361,4.24,124.711,127.233
45.8511,1.47486,1.64,4.21476,4.24,124.711,127.233
45.8671,1.49771,1.64,4.22957,4.24,124.711,16.4618
45.8831,1.49771,1.64,4.22957,4.24,124.711,16.4618
45.8991,1.49771,1.64,4.22957,4.24,124.711,16.4618
45.9151,1.49771,1.64,4.22957,4.24,124.711,16.4618
45.9311,1.49771,1.64,4.22957,4.24,124.711,16.4618
45.9471,1.49771,1.64,4.22957,4.24,124.711,16.4618
45.9631,1.49771,1.64,4.22957,4.24,124.711,16.4618
45.9791,1.49771,1.64,4.22957,4.24,124.711,16.4618
45.9951,1.49771,1.64,4.22957,4.24,124.711,16.4618
46.0111,1.49771,1.64,4.22957,4.24,124.711,16.4618
46.0271,1.49771,1.64,4.22957,4.24,124.711,16.4618
46.0431,1.49771,1.64,4.22957,4.24,124.711,16.4618
46.0591,1.49771,1.64,4.22957,4.24,124.711,16.4618
46.0751,1.49771,1.64,4.22957,4.24,124.711,16.4618
46.0911,1.49771,1.64,4.22957,4.24,124.711,16.4618
46.1071,1.49771,1.64,4.22957,4.24,124.711,16.4618
46.1231,1.49771,1.64,4.22957,4.24,124.711,16.4618
46.1391,1.49788,1.64,4.23185,4.24,124.7287605202,16.4618
46.1551,1.49788,1.64,4.23185,4.24,124.7287605202,16.4618
46.1711,1.49788,1.64,4.23185,4.24,124.7287605202,16.4618
46.1871,1.49788,1.64,4.23185,4.24,124.7287605202,16.4618
46.2031,1.49788,1.64,4.23185,4.24,124.7287605202,16.4618
46.2191,1.49788,1.64,4.23185,4.24,124.7287605202,16.4618
46.2351,1.49788,1.64,4.23185,4.24,124.7287605202,16.4618
46.2511,1.49788,1.64,4.23185,4.24,124.7287605202,16.4618
46.2671,1.49788,1.64,4.23185,4.24,124.7287605202,16.4618
46.2831,1.49788,1.64,4.23185,4.24,124.7287605202,16.4618
46.2991,1.49788,1.64,4.23185,4.24,124.7287605202,16.4618
46.3151,1.49788,1.64,4.23185,4.24,124.7287605202,16.4618
46.3311,1.49788,1.64,4.23185,4.24,124.7287605202,16.4618
46.3471,1.49788,1.64,4.23185,4.24,124.7287605202,16.4618
46.3631,1.49783,1.64,4.23497,4.24,124.289073795,16.4618
46.3791,1.49783,1.64,4.23497,4.24,124.289073795,16.4618
46.3951,1.49783,1.64,4.23497,4.24,124.289073795,16.4618
46.4111,1.49783,1.64,4.23497,4.24,124.289073795,16.4618
46.4271,1.49783,1.64,4.23497,4.24,124.289073795,16.4618
46.4431,1.49783,1.64,4.23497,4.24,124.289073795,16.4618
46.4591,1.49783,1.64,4.23497,4.24,124.289073795,16.4618
46.4751,1.49783,1.64,4.23497,4.24,124.289073795,16.4618
46.4911,1.49783,1.64,4.23497,4.24,124.289073795,16.4618
46.5071,1.49783,1.64,4.23497,4.24,124.289073795,16.4618
46.5231,1.49783,1.64,4.23497,4.24,124.289073795,16.4618
46.5391,1.49783,1.64,4.23497,4.24,124.289073795,16.4618
46.5551,1.49783,1.64,4.23497,4.24,124.289073795,16.4618
46.5711,1.49783,1.64,4.23497,4.24,124.289073795,16.4618
46.5871,1.49783,1.64,4.23497,4.24,124.289073795,16.4618
46.6031,1.4971,1.64,4.23621,4.24,119.1349935937,16.4618
46.6191,1.4971,1.64,4.23621,4.24,119.1349935937,16.4618
46.6351,1.4971,1.64,4.23621,4.24,119.1349935937,16.4618
46.6511,1.4971,1.64,4.23621,4.24,119.1349935937,16.4618
46.6671,1.4971,1.64,4.23621,4.24,119.1349935937,16.4618
46.6831,1.4971,1.64,4.23621,4.24,119.1349935937,16.4618
46.6991,1.4971,1.64,4.23621,4.24,119.1349935937,16.4618
46.7151,1.4971,1.64,4.23621,4.24,119.1349935937,16.4618
46.7311,1.4971,1.64,4.23621,4.24,119.1349935937,16.4618
46.7471,1.4971,1.64,4.23621,4.24,119.1349935937,16.4618
46.7631,1.4971,1.64,4.23621,4.24,119.1349935937,16.4618
46.7791,1.4971,1.64,4.23621,4.24,119.1349935937,16.4618
46.7951,1.4971,1.64,4.23621,4.24,119.1349935937,16.4618
46.8111,1.4971,1.64,4.23621,4.24,119.1349935937,16.4618
46.8271,1.49686,1.64,4.23699,4.24,108.2012302509,16.4618
46.8431,1.49686,1.64,4.23699,4.24,108.2012302509,16.4618
46.8591,1.49686,1.64,4.23699,4.24,108.2012302509,16.4618
46.8751,1.49686,1.64,4.23699,4.24,108.2012302509,16.4618
46.8911,1.49686,1.64,4.23699,4.24,108.2012302509,16.4618
46.9071,1.49686,1.64,4.23699,4.24,108.2012302509,16.4618
46.9231,1.49686,1.64,4.23699,4.24,108.2012302509,16.4618
46.9391,1.49686,1.64,4.23699,4.24,108.2012302509,16.4618
46.9551,1.49686,1.64,4.23699,4.24,108.2012302509,16.4618
46.9711,1.49686,1.64,4.23699,4.24,108.2012302509,16.4618
46.9871,1.49686,1.64,4.23699,4.24,108.2012302509,16.4618
47.0031,1.49686,1.64,4.23699,4.24,108.2012302509,16.4618
47.0191,1.49686,1.64,4.23699,4.24,108.2012302509,16.4618
47.0351,1.49686,1.64,4.23699,4.24,108.2012302509,16.4618
47.0511,1.4968,1.64,4.23767,4.24,94.3792192301,16.4618
47.0671,1.4968,1.64,4.23767,4.24,94.3792192301,16.4618
47.0831,1.4968,1.64,4.23767,4.24,94.3792192301,16.4618
47.0991,1.4968,1.64,4.23767,4.24,94.3792192301,16.4618
47.1151,1.4968,1.64,4.23767,4.24,94.3792192301,16.4618
47.1311,1.4968,1.64,4.23767,4.24,94.3792192301,16.4618
47.1471,1.4968,1.64,4.23767,4.24,94.3792192301,16.4618
47.1631,1.4968,1.64,4.23767,4.24,94.3792192301,16.4618
47.1791,1.4968,1.64,4.23767,4.24,94.3792192301,16.4618
47.1951,1.4968,1.64,4.23767,4.24,94.3792192301,16.4618
47.2111,1.4968,1.64,4.23767,4.24,94.3792192301,16.4618
47.2271,1.4968,1.64,4.23767,4.24,94.3792192301,16.4618
47.2431,1.4968,1.64,4.23767,4.24,94.3792192301,16.4618
47.2591,1.4968,1.64,4.23767,4.24,94.3792192301,16.4618
47.2751,1.4968,1.64,4.23767,4.24,94.3792192301,16.4618
47.2911,1.4968,1.64,4.23767,4.24,94.3792192301,16.4618
47.3071,1.49625,1.64,4.23877,4.24,80.9691156594,16.4618
47.3231,1.49625,1.64,4.23877,4.24,80.9691156594,16.4618
47.3391,1.49625,1.64,4.23877,4.24,80.9691156594,16.4618
47.3551,1.49625,1.64,4.23877,4.24,80.9691156594,16.4618
47.3711,1.49625,1.64,4.23877,4.24,80.9691156594,16.4618
47.3871,1.49625,1.64,4.23877,4.24,80.9691156594,16.4618
47.4031,1.49625,1.64,4.23877,4.24,80.9691156594,16.4618
47.4191,1.49625,1.64,4.23877,4.24,80.9691156594,16.4618
47.4351,1.49625,1.64,4.23877,4.24,80.9691156594,16.4618
47.4511,1.49625,1.64,4.23877,4.24,80.9691156594,16.4618
47.4671,1.49625,1.64,4.23877,4.24,80.9691156594,16.4618
47.4831,1.49625,1.64,4.23877,4.24,80.9691156594,16.4618
47.4991,1.49625,1.64,4.23877,4.24,80.9691156594,16.4618
47.5151,1.49625,1.64,4.23877,4.24,80.9691156594,16.4618
47.5311,1.49499,1.64,4.24029,4.24,69.8778984737,16.4618
47.5471,1.49499,1.64,4.24029,4.24,69.8778984737,16.4618
47.5631,1.49499,1.64,4.24029,4.24,69.8778984737,16.4618
47.5791,1.49499,1.64,4.24029,4.24,69.8778984737,16.4618
47.5951,1.49499,1.64,4.24029,4.24,69.8778984737,16.4618
47.6111,1.49499,1.64,4.24029,4.24,69.8778984737,16.4618
47.6271,1.49499,1.64,4.24029,4.24,69.8778984737,16.4618
47.6431,1.49499,1.64,4.24029,4.24,69.8778984737,16.4618
47.6591,1.49499,1.64,4.24029,4.24,69.8778984737,16.4618
47.6751,1.49499,1.64,4.24029,4.24,69.8778984737,16.4618
47.6911,1.49499,1.64,4.24029,4.24,69.8778984737,16.4618
47.7071,1.49499,1.64,4.24029,4.24,69.8778984737,16.4618
47.7231,1.49499,1.64,4.24029,4.24,69.8778984737,16.4618
47.7391,1.49499,1.64,4.24029,4.24,69.8778984737,16.4618
47.7551,1.49499,1.64,4.24029,4.24,69.8778984737,16.4618
47.7711,1.49392,1.64,4.23961,4.24,61.208032213,16.4618
47.7871,1.49392,1.64,4.23961,4.24,61.208032213,16.4618
47.8031,1.49392,1.64,4.23961,4.24,61.208032213,16.4618
47.8191,1.49392,1.64,4.23961,4.24,61.208032213,16.4618
47.8351,1.49392,1.64,4.23961,4.24,61.208032213,16.4618
47.8511,1.49392,1.64,4.23961,4.24,61.208032213,16.4618
47.8671,1.49392,1.64,4.23961,4.24,61.208032213,16.4618
47.8831,1.49392,1.64,4.23961,4.24,61.208032213,16.4618
47.8991,1.49392,1.64,4.23961,4.24,61.208032213,16.4618
47.9151,1.49392,1.64,4.23961,4.24,61.208032213,16.4618
47.9311,1.49392,1.64,4.23961,4.24,61.208032213,16.4618
47.9471,1.49392,1.64,4.23961,4.24,61.208032213,16.4618
47.9631,1.49392,1.64,4.23961,4.24,61.208032213,16.4618
47.9791,1.49449,1.64,4.23915,4.24,54.1656443927,16.4618
47.9951,1.49449,1.64,4.23915,4.24,54.1656443927,16.4618
48.0111,1.49449,1.64,4.23915,4.24,54.1656443927,16.4618
48.0271,1.49449,1.64,4.23915,4.24,54.1656443927,16.4618
48.0431,1.49449,1.64,4.23915,4.24,54.1656443927,16.4618
48.0591,1.49449,1.64,4.23915,4.24,54.1656443927,16.4618
48.0751,1.49449,1.64,4.23915,4.24,54.1656443927,16.4618
48.0911,1.49449,1.64,4.23915,4.24,54.1656443927,16.4618
48.1071,1.49449,1.64,4.23915,4.24,54.1656443927,16.4618
48.1231,1.49449,1.64,4.23915,4.24,54.1656443927,16.4618
48.1391,1.49449,1.64,4.23915,4.24,54.1656443927,16.4618
48.1551,1.49449,1.64,4.23915,4.24,54.1656443927,16.4618
48.1711,1.49449,1.64,4.23915,4.24,54.1656443927,16.4618
48.1871,1.49449,1.64,4.23915,4.24,54.1656443927,16.4618
48.2031,1.49529,1.64,4.23894,4.24,48.2162116636,16.4618
48.2191,1.49529,1.64,4.23894,4.24,48.2162116636,16.4618
48.2351,1.49529,1.64,4.23894,4.24,48.2162116636,16.4618
48.2511,1.49529,1.64,4.23894,4.24,48.2162116636,16.4618
48.2671,1.49529,1.64,4.23894,4.24,48.2162116636,16.4618
48.2831,1.49529,1.64,4.23894,4.24,48.2162116636,16.4618
48.2991,1.49529,1.64,4.23894,4.24,48.2162116636,16.4618
48.3151,1.49529,1.64,4.23894,4.24,48.2162116636,16.4618
48.3311,1.49529,1.64,4.23894,4.24,48.2162116636,16.4618
48.3471,1.49529,1.64,4.23894,4.24,48.2162116636,16.4618
48.3631,1.49529,1.64,4.23894,4.24,48.2162116636,16.4618
48.3791,1.49529,1.64,4.23894,4.24,48.2162116636,16.4618
48.3951,1.49529,1.64,4.23894,4.24,48.2162116636,16.4618
48.4111,1.49529,1.64,4.23894,4.24,48.2162116636,16.4618
48.4271,1.49529,1.64,4.23894,4.24,48.2162116636,16.4618
48.4431,1.49529,1.64,4.23894,4.24,48.2162116636,16.4618
48.4591,1.49564,1.64,4.23899,4.24,43.1171435352,16.4618
48.4751,1.49564,1.64,4.23899,4.24,43.1171435352,16.4618
48.4911,1.49564,1.64,4.23899,4.24,43.1171435352,16.4618
48.5071,1.49564,1.64,4.23899,4.24,43.1171435352,16.4618
48.5231,1.49564,1.64,4.23899,4.24,43.1171435352,16.4618
48.5391,1.49564,1.64,4.23899,4.24,43.1171435352,16.4618
48.5551,1.49564,1.64,4.23899,4.24,43.1171435352,16.4618
48.5711,1.49564,1.64,4.23899,4.24,43.1171435352,16.4618
48.5871,1.49564,1.64,4.23899,4.24,43.1171435352,16.4618
48.6031,1.49564,1.64,4.23899,4.24,43.1171435352,16.4618
48.6191,1.49564,1.64,4.23899,4.24,43.1171435352,16.4618
48.6351,1.49564,1.64,4.23899,4.24,43.1171435352,16.4618
48.6511,1.49564,1.64,4.23899,4.24,43.1171435352,16.4618
48.6671,1.49639,1.64,4.23984,4.24,38.7732959899,16.4618
48.6831,1.49639,1.64,4.23984,4.24,38.7732959899,16.4618
48.6991,1.49639,1.64,4.23984,4.24,38.7732959899,16.4618
48.7151,1.49639,1.64,4.23984,4.24,38.7732959899,16.4618
48.7311,1.49639,1.64,4.23984,4.24,38.7732959899,16.4618
48.7471,1.49639,1.64,4.23984,4.24,38.7732959899,16.4618
48.7631,1.49639,1.64,4.23984,4.24,38.7732959899,16.4618
48.7791,1.49639,1.64,4.23984,4.24,38.7732959899,16.4618
48.7951,1.49639,1.64,4.23984,4.24,38.7732959899,16.4618
48.8111,1.49639,1.64,4.23984,4.24,38.7732959899,16.4618
48.8271,1.49639,1.64,4.23984,4.24,38.7732959899,16.4618
48.8431,1.49639,1.64,4.23984,4.24,38.7732959899,16.4618
48.8591,1.49639,1.64,4.23984,4.24,38.7732959899,16.4618
48.8751,1.49639,1.64,4.23984,4.24,38.7732959899,16.4618
48.8911,1.49686,1.64,4.23994,4.24,35.0143385799,16.4618
48.9071,1.49686,1.64,4.23994,4.24,35.0143385799,16.4618
48.9231,1.49686,1.64,4.23994,4.24,35.0143385799,16.4618
48.9391,1.49686,1.64,4.23994,4.24,35.0143385799,16.4618
48.9551,1.49686,1.64,4.23994,4.24,35.0143385799,16.4618
48.9711,1.49686,1.64,4.23994,4.24,35.0143385799,16.4618
48.9871,1.49686,1.64,4.23994,4.24,35.0143385799,16.4618
49.0031,1.49686,1.64,4.23994,4.24,35.0143385799,16.4618
49.0191,1.49686,1.64,4.23994,4.24,35.0143385799,16.4618
49.0351,1.49686,1.64,4.23994,4.24,35.0143385799,16.4618
49.0511,1.49686,1.64,4.23994,4.24,35.0143385799,16.4618
49.0671,1.49686,1.64,4.23994,4.24,35.0143385799,16.4618
49.0831,1.49686,1.64,4.23994,4.24,35.0143385799,16.4618
49.0991,1.49686,1.64,4.23994,4.24,35.0143385799,16.4618
49.1151,1.49704,1.64,4.23952,4.24,31.8112745236,16.4618
49.1311,1.49704,1.64,4.23952,4.24,31.8112745236,16.4618
49.1471,1.49704,1.64,4.23952,4.24,31.8112745236,16.4618
49.1631,1.49704,1.64,4.23952,4.24,31.8112745236,16.4618
49.1791,1.49704,1.64,4.23952,4.24,31.8112745236,16.4618
49.1951,1.49704,1.64,4.23952,4.24,31.8112745236,16.4618
49.2111,1.49704,1.64,4.23952,4.24,31.8112745236,16.4618
49.2271,1.49704,1.64,4.23952,4.24,31.8112745236,16.4618
49.2431,1.49704,1.64,4.23952,4.24,31.8112745236,16.4618
49.2591,1.49704,1.64,4.23952,4.24,31.8112745236,16.4618
49.2751,1.49704,1.64,4.23952,4.24,31.8112745236,16.4618
49.2911,1.49704,1.64,4.23952,4.24,31.8112745236,16.4618
49.3071,1.49704,1.64,4.23952,4.24,31.8112745236,16.4618
49.3231,1.49704,1.64,4.23952,4.24,31.8112745236,16.4618
49.3391,1.49699,1.64,4.23893,4.24,29.1920304175,16.4618
49.3551,1.49699,1.64,4.23893,4.24,29.1920304175,16.4618
49.3711,1.49699,1.64,4.23893,4.24,29.1920304175,16.4618
49.3871,1.49699,1.64,4.23893,4.24,29.1920304175,16.4618
49.4031,1.49699,1.64,4.23893,4.24,29.1920304175,16.4618
49.4191,1.49699,1.64,4.23893,4.24,29.1920304175,16.4618
49.4351,1.49699,1.64,4.23893,4.24,29.1920304175,16.4618
49.4511,1.49699,1.64,4.23893,4.24,29.1920304175,16.4618
49.4671,1.49699,1.64,4.23893,4.24,29.1920304175,16.4618
49.4831,1.49699,1.64,4.23893,4.24,29.1920304175,16.4618
49.4991,1.49699,1.64,4.23893,4.24,29.1920304175,16.4618
49.5151,1.49699,1.64,4.23893,4.24,29.1920304175,16.4618
49.5311,1.49699,1.64,4.23893,4.24,29.1920304175,16.4618
49.5471,1.49699,1.64,4.23893,4.24,29.1920304175,16.4618
49.5631,1.49699,1.64,4.23893,4.24,29.1920304175,16.4618
49.5791,1.49699,1.64,4.23893,4.24,29.1920304175,16.4618
49.5951,1.49685,1.64,4.2394,4.24,27.099681745,16.4618
49.6111,1.49685,1.64,4.2394,4.24,27.099681745,16.4618
49.6271,1.49685,1.64,4.2394,4.24,27.099681745,16.4618
49.6431,1.49685,1.64,4.2394,4.24,27.099681745,16.4618
49.6591,1.49685,1.64,4.2394,4.24,27.099681745,16.4618
49.6751,1.49685,1.64,4.2394,4.24,27.099681745,16.4618
49.6911,1.49685,1.64,4.2394,4.24,27.099681745,16.4618
49.7071,1.49685,1.64,4.2394,4.24,27.099681745,16.4618
49.7231,1.49685,1.64,4.2394,4.24,27.099681745,16.4618
49.7391,1.49685,1.64,4.2394,4.24,27.099681745,16.4618
49.7551,1.49685,1.64,4.2394,4.24,27.099681745,16.4618
49.7711,1.49685,1.64,4.2394,4.24,27.099681745,16.4618
49.7871,1.49685,1.64,4.2394,4.24,27.099681745,16.4618
49.8031,1.49685,1.64,4.2394,4.24,27.099681745,16.4618
49.8191,1.49772,1.64,4.24073,4.24,25.4588146047,16.4618
49.8351,1.49772,1.64,4.24073,4.24,25.4588146047,16.4618
49.8511,1.49772,1.64,4.24073,4.24,25.4588146047,16.4618
49.8671,1.49772,1.64,4.24073,4.24,25.4588146047,16.4618
49.8831,1.49772,1.64,4.24073,4.24,25.4588146047,16.4618
49.8991,1.49772,1.64,4.24073,4.24,25.4588146047,16.4618
49.9151,1.49772,1.64,4.24073,4.24,25.4588146047,16.4618
49.9311,1.49772,1.64,4.24073,4.24,25.4588146047,16.4618
49.9471,1.49772,1.64,4.24073,4.24,25.4588146047,16.4618
49.9631,1.49772,1.64,4.24073,4.24,25.4588146047,16.4618
49.9791,1.49772,1.64,4.24073,4.24,25.4588146047,16.4618
49.9951,1.49772,1.64,4.24073,4.24,25.4588146047,16.4618
50.0111,1.49772,1.64,4.24073,4.24,25.4588146047,16.4618
50.0271,1.49772,1.64,4.24073,4.24,25.4588146047,16.4618
50.0431,1.49772,1.64,4.24073,4.24,25.4588146047,16.4618
50.0591,1.49908,1.64,4.24128,4.24,24.1285971791,16.4618
50.0751,1.49908,1.64,4.24128,4.24,24.1285971791,16.4618
50.0911,1.49908,1.64,4.24128,4.24,24.1285971791,16.4618
50.1071,1.49908,1.64,4.24128,4.24,24.1285971791,16.4618
50.1231,1.49908,1.64,4.24128,4.24,24.1285971791,16.4618
50.1391,1.49908,1.64,4.24128,4.24,24.1285971791,16.4618
50.1551,1.49908,1.64,4.24128,4.24,24.1285971791,16.4618
50.1711,1.49908,1.64,4.24128,4.24,24.1285971791,16.4618
50.1871,1.49908,1.64,4.24128,4.24,24.1285971791,16.4618
50.2031,1.49908,1.64,4.24128,4.24,24.1285971791,16.4618
50.2191,1.49908,1.64,4.24128,4.24,24.1285971791,16.4618
50.2351,1.49908,1.64,4.24128,4.24,24.1285971791,16.4618
50.2511,1.49908,1.64,4.24128,4.24,24.1285971791,16.4618
50.2671,1.49908,1.64,4.24128,4.24,24.1285971791,16.4618
50.2831,1.50121,1.64,4.24224,4.24,23.0230275646,16.4618
50.2991,1.50121,1.64,4.24224,4.24,23.0230275646,16.4618
50.3151,1.50121,1.64,4.24224,4.24,23.0230275646,16.4618
50.3311,1.50121,1.64,4.24224,4.24,23.0230275646,16.4618
50.3471,1.50121,1.64,4.24224,4.24,23.0230275646,16.4618
50.3631,1.50121,1.64,4.24224,4.24,23.0230275646,16.4618
50.3791,1.50121,1.64,4.24224,4.24,23.0230275646,16.4618
50.3951,1.50121,1.64,4.24224,4.24,23.0230275646,16.4618
50.4111,1.50121,1.64,4.24224,4.24,23.0230275646,16.4618
50.4271,1.50121,1.64,4.24224,4.24,23.0230275646,16.4618
50.4431,1.50121,1.64,4.24224,4.24,23.0230275646,16.4618
50.4591,1.50121,1.64,4.24224,4.24,23.0230275646,16.4618
50.4751,1.50121,1.64,4.24224,4.24,23.0230275646,16.4618
50.4911,1.50121,1.64,4.24224,4.24,23.0230275646,16.4618
50.5071,1.50541,1.64,4.24365,4.24,22.0694242475,16.4618
50.5231,1.50541,1.64,4.24365,4.24,22.0694242475,16.4618
50.5391,1.50541,1.64,4.24365,4.24,22.0694242475,16.4618
50.5551,1.50541,1.64,4.24365,4.24,22.0694242475,16.4618
50.5711,1.50541,1.64,4.24365,4.24,22.0694242475,16.4618
50.5871,1.50541,1.64,4.24365,4.24,22.0694242475,16.4618
50.6031,1.50541,1.64,4.24365,4.24,22.0694242475,16.4618
50.6191,1.50541,1.64,4.24365,4.24,22.0694242475,16.4618
50.6351,1.50541,1.64,4.24365,4.24,22.0694242475,16.4618
50.6511,1.50541,1.64,4.24365,4.24,22.0694242475,16.4618
50.6671,1.50541,1.64,4.24365,4.24,22.0694242475,16.4618
50.6831,1.50541,1.64,4.24365,4.24,22.0694242475,16.4618
50.6991,1.50541,1.64,4.24365,4.24,22.0694242475,16.4618
50.7151,1.50541,1.64,4.24365,4.24,22.0694242475,16.4618
50.7311,1.50541,1.64,4.24365,4.24,22.0694242475,16.4618
50.7471,1.50541,1.64,4.24365,4.24,22.0694242475,16.4618
50.7631,1.50886,1.64,4.24605,4.24,21.2005249501,16.4618
50.7791,1.50886,1.64,4.24605,4.24,21.2005249501,16.4618
50.7951,1.50886,1.64,4.24605,4.24,21.2005249501,16.4618
50.8111,1.50886,1.64,4.24605,4.24,21.2005249501,16.4618
50.8271,1.50886,1.64,4.24605,4.24,21.2005249501,16.4618
50.8431,1.50886,1.64,4.24605,4.24,21.2005249501,16.4618
50.8591,1.50886,1.64,4.24605,4.24,21.2005249501,16.4618
50.8751,1.50886,1.64,4.24605,4.24,21.2005249501,16.4618
50.8911,1.50886,1.64,4.24605,4.24,21.2005249501,16.4618
50.9071,1.50886,1.64,4.24605,4.24,21.2005249501,16.4618
50.9231,1.50886,1.64,4.24605,4.24,21.2005249501,16.4618
50.9391,1.50886,1.64,4.24605,4.24,21.2005249501,16.4618
50.9551,1.50886,1.64,4.24605,4.24,21.2005249501,16.4618
50.9711,1.50886,1.64,4.24605,4.24,21.2005249501,16.4618
50.9871,1.51074,1.64,4.248,4.24,20.407677111,16.4618
51.0031,1.51074,1.64,4.248,4.24,20.407677111,16.4618
51.0191,1.51074,1.64,4.248,4.24,20.407677111,16.4618
51.0351,1.51074,1.64,4.248,4.24,20.407677111,16.4618
51.0511,1.51074,1.64,4.248,4.24,20.407677111,16.4618
51.0671,1.51074,1.64,4.248,4.24,20.407677111,16.4618
51.0831,1.51074,1.64,4.248,4.24,20.407677111,16.4618
51.0991,1.51074,1.64,4.248,4.24,20.407677111,16.4618
51.1151,1.51074,1.64,4.248,4.24,20.407677111,16.4618
51.1311,1.51074,1.64,4.248,4.24,20.407677111,16.4618
51.1471,1.51074,1.64,4.248,4.24,20.407677111,16.4618
51.1631,1.51074,1.64,4.248,4.24,20.407677111,16.4618
51.1791,1.51074,1.64,4.248,4.24,20.407677111,16.4618
51.1951,1.51074,1.64,4.248,4.24,20.407677111,16.4618
51.2111,1.51321,1.64,4.24804,4.24,19.7318665463,16.4618
51.2271,1.51321,1.64,4.24804,4.24,19.7318665463,16.4618
51.2431,1.51321,1.64,4.24804,4.24,19.7318665463,16.4618
51.2591,1.51321,1.64,4.24804,4.24,19.7318665463,16.4618
51.2751,1.51321,1.64,4.24804,4.24,19.7318665463,16.4618
51.2911,1.51321,1.64,4.24804,4.24,19.7318665463,16.4618
51.3071,1.51321,1.64,4.24804,4.24,19.7318665463,16.4618
51.3231,1.51321,1.64,4.24804,4.24,19.7318665463,16.4618
51.3391,1.51321,1.64,4.24804,4.24,19.7318665463,16.4618
51.3551,1.51321,1.64,4.24804,4.24,19.7318665463,16.4618
51.3711,1.51321,1.64,4.24804,4.24,19.7318665463,16.4618
51.3871,1.51321,1.64,4.24804,4.24,19.7318665463,16.4618
51.4031,1.51321,1.64,4.24804,4.24,19.7318665463,16.4618
51.4191,1.51321,1.64,4.24804,4.24,19.7318665463,16.4618
51.4351,1.5168,1.64,4.24877,4.24,19.1983678424,16.4618
51.4511,1.5168,1.64,4.24877,4.24,19.1983678424,16.4618
51.4671,1.5168,1.64,4.24877,4.24,19.1983678424,16.4618
51.4831,1.5168,1.64,4.24877,4.24,19.1983678424,16.4618
51.4991,1.5168,1.64,4.24877,4.24,19.1983678424,16.4618
51.5151,1.5168,1.64,4.24877,4.24,19.1983678424,16.4618
51.5311,1.5168,1.64,4.24877,4.24,19.1983678424,16.4618
51.5471,1.5168,1.64,4.24877,4.24,19.1983678424,16.4618
51.5631,1.5168,1.64,4.24877,4.24,19.1983678424,16.4618
51.5791,1.5168,1.64,4.24877,4.24,19.1983678424,16.4618
51.5951,1.5168,1.64,4.24877,4.24,19.1983678424,16.4618
51.6111,1.5168,1.64,4.24877,4.24,19.1983678424,16.4618
51.6271,1.5168,1.64,4.24877,4.24,19.1983678424,16.4618
51.6431,1.5168,1.64,4.24877,4.24,19.1983678424,16.4618
51.6591,1.52013,1.64,4.24996,4.24,18.7824756603,16.4618
51.6751,1.52013,1.64,4.24996,4.24,18.7824756603,16.4618
51.6911,1.52013,1.64,4.24996,4.24,18.7824756603,16.4618
51.7071,1.52013,1.64,4.24996,4.24,18.7824756603,16.4618
51.7231,1.52013,1.64,4.24996,4.24,18.7824756603,16.4618
51.7391,1.52013,1.64,4.24996,4.24,18.7824756603,16.4618
51.7551,1.52013,1.64,4.24996,4.24,18.7824756603,16.4618
51.7711,1.52013,1.64,4.24996,4.24,18.7824756603,16.4618
51.7871,1.52013,1.64,4.24996,4.24,18.7824756603,16.4618
51.8031,1.52013,1.64,4.24996,4.24,18.7824756603,16.4618
51.8191,1.52013,1.64,4.24996,4.24,18.7824756603,16.4618
51.8351,1.52013,1.64,4.24996,4.24,18.7824756603,16.4618
51.8511,1.52013,1.64,4.24996,4.24,18.7824756603,16.4618
51.8671,1.52013,1.64,4.24996,4.24,18.7824756603,16.4618
51.8831,1.52013,1.64,4.24996,4.24,18.7824756603,16.4618
51.8991,1.52013,1.64,4.24996,4.24,18.7824756603,16.4618
51.9151,1.52467,1.64,4.25207,4.24,18.4798637195,16.4618
51.9311,1.52467,1.64,4.25207,4.24,18.4798637195,16.4618
51.9471,1.52467,1.64,4.25207,4.24,18.4798637195,16.4618
51.9631,1.52467,1.64,4.25207,4.24,18.4798637195,16.4618
51.9791,1.52467,1.64,4.25207,4.24,18.4798637195,16.4618
51.9951,1.52467,1.64,4.25207,4.24,18.4798637195,16.4618
52.0111,1.52467,1.64,4.25207,4.24,18.4798637195,16.4618
52.0271,1.52467,1.64,4.25207,4.24,18.4798637195,16.4618
52.0431,1.52467,1.64,4.25207,4.24,18.4798637195,16.4618
52.0591,1.52467,1.64,4.25207,4.24,18.4798637195,16.4618
52.0751,1.52467,1.64,4.25207,4.24,18.4798637195,16.4618
52.0911,1.52467,1.64,4.25207,4.24,18.4798637195,16.4618
52.1071,1.52467,1.64,4.25207,4.24,18.4798637195,16.4618
52.1231,1.52467,1.64,4.25207,4.24,18.4798637195,16.4618
52.1391,1.52897,1.64,4.25557,4.24,18.2498877524,16.4618
52.1551,1.52897,1.64,4.25557,4.24,18.2498877524,16.4618
52.1711,1.52897,1.64,4.25557,4.24,18.2498877524,16.4618
52.1871,1.52897,1.64,4.25557,4.24,18.2498877524,16.4618
52.2031,1.52897,1.64,4.25557,4.24,18.2498877524,16.4618
52.2191,1.52897,1.64,4.25557,4.24,18.2498877524,16.4618
52.2351,1.52897,1.64,4.25557,4.24,18.2498877524,16.4618
52.2511,1.52897,1.64,4.25557,4.24,18.2498877524,16.4618
52.2671,1.52897,1.64,4.25557,4.24,18.2498877524,16.4618
52.2831,1.52897,1.64,4.25557,4.24,18.2498877524,16.4618
52.2991,1.52897,1.64,4.25557,4.24,18.2498877524,16.4618
52.3151,1.52897,1.64,4.25557,4.24,18.2498877524,16.4618
52.3311,1.52897,1.64,4.25557,4.24,18.2498877524,16.4618
52.3471,1.52897,1.64,4.25557,4.24,18.2498877524,16.4618
52.3631,1.53431,1.64,4.25853,4.24,18.0753564862,16.4618
52.3791,1.53431,1.64,4.25853,4.24,18.0753564862,16.4618
52.3951,1.53431,1.64,4.25853,4.24,18.0753564862,16.4618
52.4111,1.53431,1.64,4.25853,4.24,18.0753564862,16.4618
52.4271,1.53431,1.64,4.25853,4.24,18.0753564862,16.4618
52.4431,1.53431,1.64,4.25853,4.24,18.0753564862,16.4618
52.4591,1.53431,1.64,4.25853,4.24,18.0753564862,16.4618
52.4751,1.53431,1.64,4.25853,4.24,18.0753564862,16.4618
52.4911,1.53431,1.64,4.25853,4.24,18.0753564862,16.4618
52.5071,1.53431,1.64,4.25853,4.24,18.0753564862,16.4618
52.5231,1.53431,1.64,4.25853,4.24,18.0753564862,16.4618
52.5391,1.53431,1.64,4.25853,4.24,18.0753564862,16.4618
52.5551,1.53431,1.64,4.25853,4.24,18.0753564862,16.4618
52.5711,1.53431,1.64,4.25853,4.24,18.0753564862,16.4618
52.5871,1.53918,1.64,4.26157,4.24,17.9147148577,16.4618
52.6031,1.53918,1.64,4.26157,4.24,17.9147148577,16.4618
52.6191,1.53918,1.64,4.26157,4.24,17.9147148577,16.4618
52.6351,1.53918,1.64,4.26157,4.24,17.9147148577,16.4618
52.6511,1.53918,1.64,4.26157,4.24,17.9147148577,16.4618
52.6671,1.53918,1.64,4.26157,4.24,17.9147148577,16.4618
52.6831,1.53918,1.64,4.26157,4.24,17.9147148577,16.4618
52.6991,1.53918,1.64,4.26157,4.24,17.9147148577,16.4618
52.7151,1.53918,1.64,4.26157,4.24,17.9147148577,16.4618
52.7311,1.53918,1.64,4.26157,4.24,17.9147148577,16.4618
52.7471,1.53918,1.64,4.26157,4.24,17.9147148577,16.4618
52.7631,1.53918,1.64,4.26157,4.24,17.9147148577,16.4618
52.7791,1.53918,1.64,4.26157,4.24,17.9147148577,16.4618
52.7951,1.53918,1.64,4.26157,4.24,17.9147148577,16.4618
52.8111,1.54288,1.64,4.26376,4.24,17.751454691,16.4618
52.8271,1.54288,1.64,4.26376,4.24,17.751454691,16.4618
52.8431,1.54288,1.64,4.26376,4.24,17.751454691,16.4618
52.8591,1.54288,1.64,4.26376,4.24,17.751454691,16.4618
52.8751,1.54288,1.64,4.26376,4.24,17.751454691,16.4618
52.8911,1.54288,1.64,4.26376,4.24,17.751454691,16.4618
52.9071,1.54288,1.64,4.26376,4.24,17.751454691,16.4618
52.9231,1.54288,1.64,4.26376,4.24,17.751454691,16.4618
52.9391,1.54288,1.64,4.26376,4.24,17.751454691,16.4618
52.9551,1.54288,1.64,4.26376,4.24,17.751454691,16.4618
52.9711,1.54288,1.64,4.26376,4.24,17.751454691,16.4618
52.9871,1.54288,1.64,4.26376,4.24,17.751454691,16.4618
53.0031,1.54288,1.64,4.26376,4.24,17.751454691,16.4618
53.0191,1.54288,1.64,4.26376,4.24,17.751454691,16.4618
53.0351,1.54288,1.64,4.26376,4.24,17.751454691,16.4618
53.0511,1.54288,1.64,4.26376,4.24,17.751454691,16.4618
53.0671,1.54649,1.64,4.26535,4.24,17.6008318175,16.4618
53.0831,1.54649,1.64,4.26535,4.24,17.6008318175,16.4618
53.0991,1.54649,1.64,4.26535,4.24,17.6008318175,16.4618
53.1151,1.54649,1.64,4.26535,4.24,17.6008318175,16.4618
53.1311,1.54649,1.64,4.26535,4.24,17.6008318175,16.4618
53.1471,1.54649,1.64,4.26535,4.24,17.6008318175,16.4618
53.1631,1.54649,1.64,4.26535,4.24,17.6008318175,16.4618
53.1791,1.54649,1.64,4.26535,4.24,17.6008318175,16.4618
53.1951,1.54649,1.64,4.26535,4.24,17.6008318175,16.4618
53.2111,1.54649,1.64,4.26535,4.24,17.6008318175,16.4618
53.2271,1.54649,1.64,4.26535,4.24,17.6008318175,16.4618
53.2431,1.54649,1.64,4.26535,4.24,17.6008318175,16.4618
53.2591,1.54649,1.64,4.26535,4.24,17.6008318175,16.4618
53.2751,1.54649,1.64,4.26535,4.24,17.6008318175,16.4618
53.2911,1.54965,1.64,4.26697,4.24,17.46,16.4618
53.6211,1.56493,1.64,4.27846,4.24,17.46,111.654
53.9511,1.56493,1.64,4.27846,4.24,17.46,111.654
54.2811,1.56642,1.64,4.2786,4.24,17.46,111.654
54.6111,1.56745,1.64,4.27862,4.24,17.46,111.654
54.9411,1.56873,1.64,4.27799,4.24,28.7693321111,111.654
55.2711,1.57047,1.64,4.27855,4.24,46.1901374868,111.654
55.6011,1.57208,1.64,4.27805,4.24,62.6436694831,111.654
55.9311,1.57426,1.64,4.27795,4.24,85.9302465644,111.654
56.2611,1.57687,1.64,4.2776,4.24,93.2391619105,111.654
56.5911,1.57746,1.64,4.27715,4.24,103.5176771355,111.654
56.9211,1.57631,1.64,4.27652,4.24,106.9010158467,111.654
57.2511,1.57496,1.64,4.27582,4.24,108.3724010458,111.654
57.5811,1.57428,1.64,4.27425,4.24,109.3283778019,111.654
57.9111,1.57371,1.64,4.27394,4.24,109.4229870229,111.654
58.2411,1.61122,2.81,4.30773,5.16,110.168564168,111.654
58.5711,1.6834,2.81,4.36631,5.16,110.8011750789,111.654
58.9011,1.78175,2.81,4.44427,5.16,111.1400737812,111.654
59.2311,2.00803,2.81,4.62296,5.16,110.9000205338,111.654
59.5611,2.136,2.81,4.72393,5.16,110.052773778,111.654
59.8911,2.40981,2.81,4.93227,5.16,106.034,111.654
60.2211,2.40981,2.81,4.93227,5.16,106.034,111.654
60.5511,2.53654,2.81,5.02712,5.16,106.034,111.654
60.8811,2.64887,2.81,5.1102,5.16,106.034,111.654
61.2111,2.8287,2.81,5.24482,5.16,106.034,111.654
61.5411,2.9515,2.81,5.33724,5.16,106.034,111.654
61.8711,2.93941,2.81,5.33255,5.16,106.034,111.654
62.2011,2.9196,2.81,5.32281,5.16,106.034,111.654
62.5311,2.8661,2.81,5.29077,5.16,106.034,111.654
62.8611,2.83618,2.81,5.27086,5.16,106.034,111.654
63.1911,2.78496,2.81,5.23298,5.16,106.034,111.654
63.5211,2.76268,2.81,5.21764,5.16,106.034,111.654
63.8511,2.73022,2.81,5.19781,5.16,106.034,111.654
64.1811,2.72043,2.81,5.19088,5.16,106.034,111.654
64.5111,2.7145,2.81,5.18611,5.16,106.034,111.654
64.8411,2.71036,2.81,5.18102,5.16,106.034,111.654
65.1711,2.71208,2.81,5.1805,5.16,106.034,111.654
65.5011,2.71567,2.81,5.17997,5.16,106.034,111.654
65.8311,2.72432,2.81,5.18175,5.16,106.034,111.654
66.1611,2.72914,2.81,5.18354,5.16,106.034,111.654
66.4911,2.75195,2.81,5.20566,5.16,106.034,34.2265
66.8211,2.75195,2.81,5.20566,5.16,106.034,34.2265
67.1511,2.75117,2.81,5.20791,5.16,106.0644591872,34.2265
67.4811,2.75109,2.81,5.21091,5.16,105.9287835202,34.2265
67.8111,2.75,2.81,5.21464,5.16,96.8316622103,34.2265
68.1411,2.74984,2.81,5.21589,5.16,88.657067598,34.2265
68.4711,2.74943,2.81,5.22021,5.16,73.9495539442,34.2265
68.8011,2.74961,2.81,5.22121,5.16,68.6949710371,34.2265
69.1311,2.74878,2.81,5.22136,5.16,64.1338332477,34.2265
69.4611,2.74595,2.81,5.21817,5.16,54.9312105391,34.2265
69.7911,2.74572,2.81,5.21579,5.16,50.7789992101,34.2265
70.1211,2.74401,2.81,5.2138,5.16,46.8530881099,34.2265
70.4511,2.74268,2.81,5.21124,5.16,40.5367752706,34.2265
70.7811,2.74288,2.81,5.20991,5.16,38.9081924018,34.2265
71.1111,2.74544,2.81,5.20585,5.16,37.2327335901,34.2265
71.4411,2.74665,2.81,5.20556,5.16,36.7716398358,34.2265
71.7711,2.74047,1.7,5.21269,6.15,36.7148595692,34.2265
72.1011,2.63966,1.7,5.31811,6.15,37.1373535962,34.2265
72.4311,2.54843,1.7,5.40905,6.15,37.2611576423,34.2265
72.7611,2.33788,1.7,5.61976,6.15,37.7440273412,34.2265
73.0911,2.21912,1.7,5.74007,6.15,38.4298,34.2265
73.4211,2.21912,1.7,5.74007,6.15,38.4298,34.2265
73.7511,2.09739,1.7,5.86193,6.15,38.4298,34.2265
74.0811,1.87477,1.7,6.08047,6.15,38.4298,34.2265
74.4111,1.78645,1.7,6.16585,6.15,38.4298,34.2265
74.7411,1.60223,1.7,6.3404,6.15,38.4298,34.2265
75.0711,1.60853,1.7,6.32864,6.15,38.4298,34.2265
75.4011,1.62242,1.7,6.31396,6.15,38.4298,34.2265
75.7311,1.64155,1.7,6.29484,6.15,38.4298,34.2265
76.0611,1.68713,1.7,6.25194,6.15,38.4298,34.2265
76.3911,1.70921,1.7,6.23285,6.15,38.4298,34.2265
76.7211,1.74857,1.7,6.20036,6.15,38.4298,34.2265
77.0511,1.764,1.7,6.18899,6.15,38.4298,34.2265
77.3811,1.764,1.7,6.18899,6.15,38.4298,34.2265
77.7111,1.77562,1.7,6.17987,6.15,38.4298,34.2265
78.0411,1.77562,1.7,6.17987,6.15,38.4298,34.2265
78.3711,1.78846,1.7,6.16908,6.15,38.4298,34.2265
78.7011,1.78846,1.7,6.16908,6.15,38.4298,139.068
79.0311,1.78994,1.7,6.1669,6.15,38.4298,139.068
79.3611,1.78994,1.7,6.1669,6.15,38.4298,139.068
79.6911,1.78649,1.7,6.1659,6.15,38.4298,139.068
80.0211,1.78649,1.7,6.1659,6.15,63.3226823009,139.068
80.3511,1.78405,1.7,6.16638,6.15,82.2452547329,139.068
80.6811,1.78405,1.7,6.16638,6.15,96.6058010454,139.068
81.0111,1.78201,1.7,6.16888,6.15,109.8234989171,139.068
81.3411,1.78201,1.7,6.16888,6.15,118,139.068
81.6711,1.77882,1.7,6.1781,6.15,126,139.068
82.0011,1.77882,1.7,6.1781,6.15,132,139.068
82.3311,1.77709,1.7,6.1829,6.15,134,139.068
82.6611,1.77709,1.7,6.1829,6.15,135.012,139.068
82.9911,1.7598,1.7,6.19433,6.15,135.012,139.068
83.3211,1.7598,1.7,6.19433,6.15,135.012,139.068
83.6511,1.75744,1.7,6.1969,6.15,135.012,139.068
83.9811,1.74829,0.6,6.20341,7.33,135.012,139.068
84.3111,1.64708,0.6,6.29451,7.33,135.012,139.068
84.6411,1.55168,0.6,6.37589,7.33,135.012,139.068
84.9711,1.32981,0.6,6.55289,7.33,135.012,139.068
85.3011,1.22101,0.6,6.64242,7.33,135.012,139.068
85.6311,1.14283,0.6,6.70933,7.33,135.012,139.068
85.9611,1.06698,0.6,6.7791,7.33,135.012,139.068
86.2911,1.06698,0.6,6.7791,7.33,135.012,139.068
86.6211,1.04416,0.6,6.80086,7.33,135.012,139.068
86.9511,1.00668,0.6,6.84468,7.33,135.012,139.068
87.2811,0.97582,0.6,6.8848,7.33,135.012,139.068
87.6111,0.925423,0.6,6.97748,7.33,135.012,139.068
87.9411,0.936023,0.6,6.97681,7.33,135.65,139.068
88.2711,0.943495,0.6,6.97295,7.33,135.65,139.068
88.6011,0.951489,0.6,6.96656,7.33,135.65,139.068
88.9311,0.967384,0.6,6.94771,7.33,135.65,139.068
89.2611,0.973222,0.6,6.93956,7.33,135.65,139.068
89.5911,0.97858,0.6,6.93177,7.33,134.572,133.645
89.9211,0.98539,0.6,6.91902,7.33,122.306,133.645
90.2511,0.986206,0.6,6.91457,7.33,118.818,133.645
90.5811,0.987135,0.6,6.91104,7.33,119.514,133.645
90.9111,0.98662,0.6,6.91019,7.33,127.159,133.645
91.2411,0.985459,0.6,6.90861,7.33,127.159,133.645
91.5711,0.981968,0.6,6.90676,7.33,127.159,133.645
91.9011,0.98053,0.6,6.90654,7.33,127.159,133.645
92.2311,0.979092,0.6,6.90645,7.33,127.159,133.645
92.5611,0.982888,0,6.91474,8,127.159,133.645
92.8911,0.982888,0,6.91474,8,127.159,133.645
93.2211,0.981348,0,6.91527,8,127.159,133.645
93.5511,0.970225,0,6.92591,8,127.159,133.645
93.8811,0.858598,0,7.04527,8,127.159,133.645
94.2111,0.762811,0,7.13968,8,127.159,133.645
94.5411,0.658867,0,7.24034,8,127.159,133.645
94.8711,0.453533,0,7.44977,8,127.159,133.645
95.2011,0.453533,0,7.44977,8,127.159,133.645
95.5311,0.385653,0,7.5215,8,127.159,133.645
95.8611,0.31938,0,7.59622,8,127.159,133.645
96.1911,0.287954,0,7.63601,8,127.159,133.645
96.5211,0.233928,0,7.74084,8,127.159,133.645
96.8511,0.240631,0,7.73705,8,127.159,133.645
97.1811,0.260874,0,7.72009,8,127.159,133.645
97.5111,0.273752,0,7.70869,8,127.159,133.645
97.8411,0.29642,0,7.68433,8,127.159,133.645
98.1711,0.305739,0,7.67251,8,127.159,133.645
98.5011,0.314209,0,7.66195,8,127.159,133.645
98.8311,0.324957,0,7.64651,8,127.159,133.645
99.1611,0.326791,0,7.64052,8,127.159,133.645
99.4911,0.327654,0,7.63406,8,127.159,133.645
99.8211,0.326585,0,7.63405,8,127.159,133.645
100.1511,0.326014,0,7.63465,8,127.159,133.645
100.4811,0.324083,0,7.63564,8,127.159,133.645
100.8111,0.322242,0,7.63702,8,127.159,133.645
101.1411,0.321239,0,7.63898,8,127.159,133.645
101.4711,0.321338,0,7.6398,8,127.159,133.645
