0,0.0515184,0,0.511612,15,87.2859,-91.2552
0.392068,0.0515184,0,0.511612,15,87.2859,-91.2552
0.492033,0.0515184,0,0.511612,15,87.2859,-91.2552
0.592047,0.0515184,0,0.511612,15,87.2859,-91.2552
0.692083,0.0511592,0,0.515323,15,87.2881,-91.2552
0.79212,0.0511592,0,0.515323,15,87.2881,-91.2552
0.892058,0.0493234,0,0.519432,15,86.7126,-91.2552
0.992084,0.0493234,0,0.519432,15,86.7126,-91.2552
1.09206,0.0493234,0,0.519432,15,86.7126,-91.2552
1.19207,0.04567,0,0.524298,15,81.7727,-91.2552
1.29211,0.04567,0,0.524298,15,81.7727,-91.2552
1.39203,0.0438322,0,0.52577,15,71.9918,-91.2552
1.49208,0.0438322,0,0.52577,15,71.9918,-91.2552
1.59206,0.0438322,0,0.52577,15,71.9918,-91.2552
1.69208,0.0425866,0,0.526439,15,59.9214,-91.2552
1.79207,0.0425866,0,0.526439,15,59.9214,-91.2552
1.89207,0.0409746,0,0.526929,15,48.3209,-91.2552
1.99211,0.0409746,0,0.526929,15,48.3209,-91.2552
2.09205,0.0392685,0,0.527316,15,38.6415,-91.2552
2.19205,0.0392685,0,0.527316,15,38.6415,-91.2552
2.29206,0.0392685,0,0.527316,15,38.6415,-91.2552
2.39212,0.0372437,0,0.527648,15,30.8766,-91.2552
2.4921,0.0372437,0,0.527648,15,30.8766,-91.2552
2.59207,0.0369628,0,0.526158,15,24.0809,-91.2552
2.69207,0.0369628,0,0.526158,15,24.0809,-91.2552
2.79199,0.0364488,0,0.525823,15,17.1111,-91.2552
2.89203,0.0364488,0,0.525823,15,17.1111,-91.2552
2.99206,0.0364488,0,0.525823,15,17.1111,-91.2552
3.09208,0.0352458,0,0.526074,15,9.41226,-91.2552
3.19211,0.0352458,0,0.526074,15,9.41226,-91.2552
3.29205,0.0339257,0,0.526645,15,0.960771,-91.2552
3.39203,0.0339257,0,0.526645,15,0.960771,-91.2552
3.49209,0.0339257,0,0.526645,15,0.960771,-91.2552
3.59205,0.0324319,0,0.527384,15,-7.85586,-91.2552
3.69209,0.0324319,0,0.527384,15,-7.85586,-91.2552
3.79211,0.0321346,0,0.525055,15,-16.6226,-91.2552
3.89204,0.0321346,0,0.525055,15,-16.6226,-91.2552
3.99199,0.0307925,0,0.523387,15,-25.0663,-91.2552
4.0921,0.0307925,0,0.523387,15,-25.0663,-91.2552
4.19211,0.0307925,0,0.523387,15,-25.0663,-91.2552
4.29214,0.0293053,0,0.522048,15,-33.2497,-91.2552
4.39212,0.0293053,0,0.522048,15,-33.2497,-91.2552
4.49207,0.0277237,0,0.521606,15,-41.2395,-91.2552
4.59211,0.0277237,0,0.521606,15,-41.2395,-91.2552
4.69209,0.0277237,0,0.521606,15,-41.2395,-91.2552
4.79206,0.0252058,0,0.521699,15,-48.8963,-91.2552
4.89206,0.0252058,0,0.521699,15,-48.8963,-91.2552
4.99203,0.0228099,0,0.516364,15,-56.2311,-91.2552
5.09206,0.0228099,0,0.516364,15,-56.2311,-91.2552
5.19206,0.0228099,0,0.516364,15,-56.2311,-91.2552
5.29208,0.0194934,0,0.512698,15,-62.7792,-91.2552
5.39209,0.0194934,0,0.512698,15,-62.7792,-91.2552
5.49204,0.0151581,0,0.511762,15,-68.465,-91.2552
5.59205,0.0151581,0,0.511762,15,-68.465,-91.2552
5.69206,0.00872448,0,0.512067,15,-72.7948,-91.2552
5.79212,0.00872448,0,0.512067,15,-72.7948,-91.2552
5.89204,0.00872448,0,0.512067,15,-72.7948,-91.2552
5.99208,0.00169478,0,0.512944,15,-76.0752,-91.2552
6.09212,0.00169478,0,0.512944,15,-76.0752,-91.2552
6.19205,-0.00505002,0,0.513888,15,-78.3172,-91.2552
6.2921,-0.00505002,0,0.513888,15,-78.3172,-91.2552
6.392,-0.0118448,0,0.517896,15,-79.8585,-91.2552
6.4921,-0.0118448,0,0.517896,15,-79.8585,-91.2552
6.5921,-0.0118448,0,0.517896,15,-79.8585,-91.2552
6.69207,-0.0185629,0,0.524011,15,-81.2361,-91.2552
6.79211,-0.0185629,0,0.524011,15,-81.2361,-91.2552
6.89202,-0.0247666,0,0.531349,15,-82.6016,-91.2552
6.99208,-0.0247666,0,0.531349,15,-82.6016,-91.2552
7.09211,-0.0247666,0,0.531349,15,-82.6016,-91.2552
7.19209,-0.0316025,0,0.539504,15,-84.0306,-91.2552
7.29212,-0.0316025,0,0.539504,15,-84.0306,-91.2552
7.39204,-0.0378991,0,0.548086,15,-85.5055,-91.2552
7.4921,-0.0378991,0,0.548086,15,-85.5055,-91.2552
7.59205,-0.0378991,0,0.548086,15,-85.5055,-91.2552
7.69209,-0.0435204,0,0.558367,15,-86.842,-91.2552
7.79208,-0.0435204,0,0.558367,15,-86.842,-91.2552
7.89204,-0.0493698,0,0.570009,15,-87.9517,-91.2552
7.9921,-0.0493698,0,0.570009,15,-87.9517,-91.2552
8.09212,-0.0545967,0,0.584007,15,-88.7362,-91.2552
8.19212,-0.0545967,0,0.584007,15,-88.7362,-91.2552
8.29211,-0.0545967,0,0.584007,15,-88.7362,-91.2552
8.39209,-0.0609509,0,0.616228,15,-89.2848,-91.2552
8.4921,-0.0609509,0,0.616228,15,-89.2848,-91.2552
8.59203,-0.0706718,0,0.68983,15,-89.7162,-91.2552
8.6921,-0.0706718,0,0.68983,15,-89.7162,-91.2552
8.79206,-0.0706718,0,0.68983,15,-89.7162,-91.2552
8.89205,-0.0827332,0,0.809911,15,-90.0353,-91.2552
8.99211,-0.0827332,0,0.809911,15,-90.0353,-91.2552
9.09205,-0.0929594,0,0.955435,15,-90.1737,-91.2552
9.1921,-0.0929594,0,0.955435,15,-90.1737,-91.2552
9.292,-0.101534,0,1.11364,15,-90.3728,-91.2552
9.39208,-0.101534,0,1.11364,15,-90.3728,-91.2552
9.49211,-0.101534,0,1.11364,15,-90.3728,-91.2552
9.5921,-0.111489,0,1.28626,15,-90.6546,-91.2552
9.6921,-0.111489,0,1.28626,15,-90.6546,-91.2552
9.79205,-0.122046,0,1.4712,15,-90.9234,-91.2552
9.89201,-0.122046,0,1.4712,15,-90.9234,-91.2552
9.99204,-0.129553,0,1.66145,15,-91.1543,-91.2552
10.092,-0.129553,0,1.66145,15,-91.1543,-91.2552
10.1921,-0.129553,0,1.66145,15,-91.1543,-91.2552
10.2921,-0.135141,0,1.85425,15,-91.3445,-91.2552
10.3921,-0.135141,0,1.85425,15,-91.3445,-91.2552
10.4921,-0.138273,0,2.04642,15,-91.4951,-91.2552
10.5921,-0.138273,0,2.04642,15,-91.4951,-91.2552
10.6921,-0.138273,0,2.04642,15,-91.4951,-91.2552
10.7921,-0.139231,0,2.23389,15,-91.6097,-91.2552
10.8921,-0.139231,0,2.23389,15,-91.6097,-91.2552
10.9921,-0.140112,0,2.41834,15,-91.7063,-91.2552
11.0921,-0.140112,0,2.41834,15,-91.7063,-91.2552
11.1921,-0.140112,0,2.41834,15,-91.7063,-91.2552
11.2921,-0.139456,0,2.59552,15,-91.7972,-91.2552
11.3921,-0.139456,0,2.59552,15,-91.7972,-91.2552
11.4921,-0.138,0,2.76642,15,-91.8916,-91.2552
11.5921,-0.138,0,2.76642,15,-91.8916,-91.2552
11.692,-0.138,0,2.76642,15,-91.8916,-91.2552
11.792,-0.134973,0,2.92959,15,-91.9943,-91.2552
11.8921,-0.134973,0,2.92959,15,-91.9943,-91.2552
11.9921,-0.130435,0,3.08522,15,-92.1047,-91.2552
12.0921,-0.130435,0,3.08522,15,-92.1047,-91.2552
12.192,-0.126867,0,3.23645,15,-92.1964,-91.2552
12.292,-0.126867,0,3.23645,15,-92.1964,-91.2552
12.3921,-0.126867,0,3.23645,15,-92.1964,-91.2552
12.492,-0.12377,0,3.38329,15,-92.2706,-91.2552
12.5921,-0.12377,0,3.38329,15,-92.2706,-91.2552
12.692,-0.12083,0,3.52486,15,-92.3247,-91.2552
12.7921,-0.12083,0,3.52486,15,-92.3247,-91.2552
12.892,-0.12083,0,3.52486,15,-92.3247,-91.2552
12.9921,-0.116615,0,3.66289,15,-92.3667,-91.2552
13.0921,-0.116615,0,3.66289,15,-92.3667,-91.2552
13.1921,-0.110451,0,3.79885,15,-92.4073,-91.2552
13.2921,-0.110451,0,3.79885,15,-92.4073,-91.2552
13.3921,-0.105744,0,3.93599,15,-92.4252,-91.2552
13.4921,-0.105744,0,3.93599,15,-92.4252,-91.2552
13.592,-0.100726,0,4.07204,15,-92.4507,-91.2552
13.6921,-0.100726,0,4.07204,15,-92.4507,-91.2552
13.7921,-0.100726,0,4.07204,15,-92.4507,-91.2552
13.892,-0.0961598,0,4.2067,15,-92.478,-91.2552
13.9921,-0.0961598,0,4.2067,15,-92.478,-91.2552
14.092,-0.0922436,0,4.34099,15,-92.5018,-91.2552
14.1921,-0.0922436,0,4.34099,15,-92.5018,-91.2552
14.292,-0.0922436,0,4.34099,15,-92.5018,-91.2552
14.3921,-0.0880691,0,4.47539,15,-92.5295,-91.2552
14.4921,-0.0880691,0,4.47539,15,-92.5295,-91.2552
14.5921,-0.08594,0,4.61302,15,-92.54,-91.2552
14.692,-0.08594,0,4.61302,15,-92.54,-91.2552
14.7921,-0.08594,0,4.61302,15,-92.54,-91.2552
14.892,-0.0817498,0,4.75072,15,-92.5537,-91.2552
14.9921,-0.0817498,0,4.75072,15,-92.5537,-91.2552
15.0921,-0.0765682,0,4.89049,15,-92.569,-91.2552
15.1921,-0.0765682,0,4.89049,15,-92.569,-91.2552
15.292,-0.0713328,0,5.02977,15,-92.5805,-91.2552
15.3921,-0.0713328,0,5.02977,15,-92.5805,-91.2552
15.492,-0.0713328,0,5.02977,15,-92.5805,-91.2552
15.5921,-0.066126,0,5.16969,15,-92.5912,-91.2552
15.6921,-0.066126,0,5.16969,15,-92.5912,-91.2552
15.792,-0.0629466,0,5.31303,15,-92.5881,-91.2552
15.892,-0.0629466,0,5.31303,15,-92.5881,-91.2552
15.9921,-0.0629466,0,5.31303,15,-92.5881,-91.2552
16.092,-0.0602668,0,5.45729,15,-92.5854,-91.2552
16.1921,-0.0602668,0,5.45729,15,-92.5854,-91.2552
16.292,-0.0570219,0,5.60145,15,-92.5879,-91.2552
16.3921,-0.0570219,0,5.60145,15,-92.5879,-91.2552
16.492,-0.0570219,0,5.60145,15,-92.5879,-91.2552
16.5921,-0.0529338,0,5.74611,15,-92.5974,-91.2552
16.692,-0.0529338,0,5.74611,15,-92.5974,-91.2552
16.7921,-0.0490486,0,5.89177,15,-92.6066,-91.2552
16.892,-0.0490486,0,5.89177,15,-92.6066,-91.2552
16.9921,-0.0461303,0,6.03944,15,-92.6085,-91.2552
17.0921,-0.0461303,0,6.03944,15,-92.6085,-91.2552
17.192,-0.0461303,0,6.03944,15,-92.6085,-91.2552
17.292,-0.0423664,0,6.18596,15,-92.6122,-91.2552
17.3921,-0.0423664,0,6.18596,15,-92.6122,-91.2552
17.492,-0.0378835,0,6.33148,15,-92.6227,-91.2552
17.5921,-0.0378835,0,6.33148,15,-92.6227,-91.2552
17.692,-0.0378835,0,6.33148,15,-92.6227,-91.2552
17.792,-0.0330583,0,6.47694,15,-92.6359,-91.2552
17.892,-0.0330583,0,6.47694,15,-92.6359,-91.2552
17.9921,-0.0268784,0,6.62131,15,-92.657,-91.2552
18.0921,-0.0268784,0,6.62131,15,-92.657,-91.2552
18.1921,-0.0229039,0,6.76703,15,-92.6604,-91.2552
18.2921,-0.0229039,0,6.76703,15,-92.6604,-91.2552
18.3921,-0.0229039,0,6.76703,15,-92.6604,-91.2552
18.4921,-0.0179478,0,6.91209,15,-92.6724,-91.2552
18.5921,-0.0179478,0,6.91209,15,-92.6724,-91.2552
18.6921,-0.0125277,0,7.05777,15,-92.6862,-91.2552
18.7921,-0.0125277,0,7.05777,15,-92.6862,-91.2552
18.892,-0.0125277,0,7.05777,15,-92.6862,-91.2552
18.9921,-0.00726411,0,7.20322,15,-92.6967,-91.2552
19.0921,-0.00726411,0,7.20322,15,-92.6967,-91.2552
19.1921,-0.00209302,0,7.34694,15,-92.7062,-91.2552
19.2921,-0.00209302,0,7.34694,15,-92.7062,-91.2552
19.392,-0.000169486,0,7.49228,15,-92.6894,-91.2552
19.4921,-0.000169486,0,7.49228,15,-92.6894,-91.2552
19.592,0.00143354,0,7.63614,15,-92.6698,-91.2552
19.692,0.00143354,0,7.63614,15,-92.6698,-91.2552
19.7921,0.00143354,0,7.63614,15,-92.6698,-91.2552
19.892,0.00342301,0,7.77979,15,-92.6561,-91.2552
19.9921,0.00342301,0,7.77979,15,-92.6561,-91.2552
20.092,0.00580321,0,7.9219,15,-92.6466,-91.2552
20.1921,0.00580321,0,7.9219,15,-92.6466,-91.2552
20.2921,0.00580321,0,7.9219,15,-92.6466,-91.2552
20.3921,0.0092179,0,8.06211,15,-92.657,-91.2552
20.4921,0.0092179,0,8.06211,15,-92.657,-91.2552
20.5921,0.0127798,0,8.20433,15,-92.6754,-91.2552
20.6921,0.0127798,0,8.20433,15,-92.6754,-91.2552
20.7921,0.0127798,0,8.20433,15,-92.6754,-91.2552
20.8921,0.0171282,0,8.34668,15,-92.7019,-91.2552
20.9921,0.0171282,0,8.34668,15,-92.7019,-91.2552
21.0921,0.0216362,0,8.48888,15,-92.7283,-91.2552
21.1921,0.0216362,0,8.48888,15,-92.7283,-91.2552
21.2921,0.0216362,0,8.48888,15,-92.7283,-91.2552
21.3921,0.0258616,0,8.63154,15,-92.7477,-91.2552
21.4921,0.0258616,0,8.63154,15,-92.7477,-91.2552
21.592,0.0296356,0,8.7734,15,-92.7582,-91.2552
21.692,0.0296356,0,8.7734,15,-92.7582,-91.2552
21.792,0.0330117,0,8.91748,15,-92.7543,-91.2552
21.8921,0.0330117,0,8.91748,15,-92.7543,-91.2552
21.9921,0.0330117,0,8.91748,15,-92.7543,-91.2552
22.0921,0.0370802,0,9.06112,15,-92.7558,-91.2552
22.1921,0.0370802,0,9.06112,15,-92.7558,-91.2552
22.292,0.0402748,0,9.20481,15,-92.7485,-91.2552
22.3921,0.0402748,0,9.20481,15,-92.7485,-91.2552
22.492,0.0439538,0,9.34823,15,-92.7581,-91.2552
22.5921,0.0439538,0,9.34823,15,-92.7581,-91.2552
22.6921,0.0439538,0,9.34823,15,-92.7581,-91.2552
22.792,0.0477164,0,9.49015,15,-92.7757,-91.2552
22.8921,0.0477164,0,9.49015,15,-92.7757,-91.2552
22.9922,0.0506269,0,9.63463,15,-92.7843,-91.2552
23.0921,0.0506269,0,9.63463,15,-92.7843,-91.2552
23.1921,0.0506269,0,9.63463,15,-92.7843,-91.2552
23.2921,0.0545828,0,9.77862,15,-92.8029,-91.2552
23.3921,0.0545828,0,9.77862,15,-92.8029,-91.2552
23.492,0.0586358,0,9.92258,15,-92.8269,-91.2552
23.5921,0.0586358,0,9.92258,15,-92.8269,-91.2552
23.6921,0.0586358,0,9.92258,15,-92.8269,-91.2552
23.7921,0.0626902,0,10.0644,15,-92.8514,-91.2552
23.8921,0.0626902,0,10.0644,15,-92.8514,-91.2552
23.9921,0.0666264,0,10.2068,15,-92.8785,-91.2552
24.0921,0.0666264,0,10.2068,15,-92.8785,-91.2552
24.192,0.0679277,0,10.3516,15,-92.8714,-91.2552
24.2921,0.0679277,0,10.3516,15,-92.8714,-91.2552
24.3921,0.0679277,0,10.3516,15,-92.8714,-91.2552
24.4921,0.0687958,0,10.4953,15,-92.8622,-91.2552
24.5921,0.0687958,0,10.4953,15,-92.8622,-91.2552
24.692,0.069765,0,10.6383,15,-92.8474,-91.2552
24.792,0.069765,0,10.6383,15,-92.8474,-91.2552
24.8921,0.069765,0,10.6383,15,-92.8474,-91.2552
24.992,0.0711363,0,10.7811,15,-92.8358,-91.2552
25.0921,0.0711363,0,10.7811,15,-92.8358,-91.2552
25.192,0.0736772,0,10.9254,15,-92.8474,-91.2552
25.2921,0.0736772,0,10.9254,15,-92.8474,-91.2552
25.3921,0.075339,0,11.0713,15,-92.8556,-91.2552
25.4921,0.075339,0,11.0713,15,-92.8556,-91.2552
25.592,0.075339,0,11.0713,15,-92.8556,-91.2552
25.6921,0.0770209,0,11.2167,15,-92.8757,-91.2552
25.7921,0.0770209,0,11.2167,15,-92.8757,-91.2552
25.892,0.0794486,0,11.362,15,-92.9172,-91.2552
25.992,0.0794486,0,11.362,15,-92.9172,-91.2552
26.0921,0.0794486,0,11.362,15,-92.9172,-91.2552
26.192,0.0817516,0,11.5065,15,-92.9615,-91.2552
26.2921,0.0817516,0,11.5065,15,-92.9615,-91.2552
26.392,0.0833946,0,11.6505,15,-92.9984,-91.2552
26.4921,0.0833946,0,11.6505,15,-92.9984,-91.2552
26.592,0.0830998,0,11.7963,15,-92.9963,-91.2552
26.6921,0.0830998,0,11.7963,15,-92.9963,-91.2552
26.792,0.0830998,0,11.7963,15,-92.9963,-91.2552
26.8921,0.0822005,0,11.9411,15,-92.9716,-91.2552
26.9921,0.0822005,0,11.9411,15,-92.9716,-91.2552
27.0921,0.0810923,0,12.0843,15,-92.9411,-91.2552
27.192,0.0810923,0,12.0843,15,-92.9411,-91.2552
27.2921,0.0810923,0,12.0843,15,-92.9411,-91.2552
27.3921,0.0800535,0,12.2265,15,-92.9206,-91.2552
27.4921,0.0800535,0,12.2265,15,-92.9206,-91.2552
27.592,0.0787995,0,12.3687,15,-92.9169,-91.2552
27.6921,0.0787995,0,12.3687,15,-92.9169,-91.2552
27.792,0.0756149,0,12.5127,15,-92.8861,-91.2552
27.892,0.0756149,0,12.5127,15,-92.8861,-91.2552
27.9921,0.0756149,0,12.5127,15,-92.8861,-91.2552
28.0921,0.0740703,0,12.6561,15,-92.9027,-91.2552
28.1921,0.0740703,0,12.6561,15,-92.9027,-91.2552
28.292,0.0719413,0,12.8011,15,-92.9097,-91.2552
28.3921,0.0719413,0,12.8011,15,-92.9097,-91.2552
28.4921,0.0719413,0,12.8011,15,-92.9097,-91.2552
28.5921,0.0709519,0,12.9461,15,-92.9591,-91.2552
28.6921,0.0709519,0,12.9461,15,-92.9591,-91.2552
28.792,0.0715661,0,13.0894,15,-93.0707,-91.2552
28.8921,0.0715661,0,13.0894,15,-93.0707,-91.2552
28.992,0.0703927,0,13.2341,15,-93.1481,-91.2552
29.0921,0.0703927,0,13.2341,15,-93.1481,-91.2552
29.1921,0.0703927,0,13.2341,15,-93.1481,-91.2552
29.2921,0.0694604,0,13.3787,15,-93.2575,-91.2552
29.3921,0.0694604,0,13.3787,15,-93.2575,-91.2552
29.492,0.0684294,0,13.5216,15,-93.3724,-91.2552
29.5921,0.0684294,0,13.5216,15,-93.3724,-91.2552
29.6921,0.0684294,0,13.5216,15,-93.3724,-91.2552
29.7921,0.0687025,0,13.664,15,-93.5643,-91.2552
29.8921,0.0687025,0,13.664,15,-93.5643,-91.2552
29.992,0.0688619,0,13.8057,15,-93.7976,-91.2552
30.0921,0.0688619,0,13.8057,15,-93.7976,-91.2552
30.192,0.0675244,0,13.9495,15,-94.0302,-91.2552
30.2921,0.0675244,0,13.9495,15,-94.0302,-91.2552
30.3921,0.0675244,0,13.9495,15,-94.0302,-91.2552
30.4921,0.0676076,0,14.0934,15,-94.445,-91.2552
30.5921,0.0676076,0,14.0934,15,-94.445,-91.2552
30.692,0.0675499,0,14.2341,15,-95.0071,-91.2552
30.7921,0.0675499,0,14.2341,15,-95.0071,-91.2552
30.8921,0.0675499,0,14.2341,15,-95.0071,-91.2552
30.9921,0.0669333,0,14.363,15,-95.7064,-91.2552
30.9921,0.0669333,0,14.363,15,-95.7064,-91.2552
31.092,0.0669333,0,14.363,15,-95.7064,-91.2552
31.192,0.0666969,0,14.4773,15,-95.7064,-91.2552
31.292,0.0666969,0,14.4773,15,-95.7064,-91.2552
31.392,0.0659371,0,14.5782,0,-85.2418,92.2495
31.6922,0.0668823,0,14.6559,0,-84.8822,92.2495
31.7921,0.0668823,0,14.6559,0,-84.8822,92.2495
31.892,0.0701791,0,14.6903,0,-84.8357,92.2495
31.9921,0.0701791,0,14.6903,0,-84.8357,92.2495
32.0921,0.0701791,0,14.6903,0,-84.8357,92.2495
32.1921,0.0751349,0,14.6923,0,-84.8178,92.2495
32.292,0.0751349,0,14.6923,0,-84.8178,92.2495
32.392,0.0818432,0,14.6822,0,-81.9287,92.2495
32.4921,0.0818432,0,14.6822,0,-81.9287,92.2495
32.592,0.0872843,0,14.6637,0,-73.7897,92.2495
32.6921,0.0872843,0,14.6637,0,-73.7897,92.2495
32.7921,0.0872843,0,14.6637,0,-73.7897,92.2495
32.8921,0.0919951,0,14.6329,0,-62.2422,92.2495
32.9921,0.0919951,0,14.6329,0,-62.2422,92.2495
33.092,0.0960218,0,14.5943,0,-50.1246,92.2495
33.1921,0.0960218,0,14.5943,0,-50.1246,92.2495
33.2921,0.0960218,0,14.5943,0,-50.1246,92.2495
33.3921,0.0983007,0,14.553,0,-39.6048,92.2495
33.4921,0.0983007,0,14.553,0,-39.6048,92.2495
33.5921,0.0982237,0,14.5137,0,-31.1483,92.2495
33.6921,0.0982237,0,14.5137,0,-31.1483,92.2495
33.792,0.0945435,0,14.4788,0,-24.1395,92.2495
33.8921,0.0945435,0,14.4788,0,-24.1395,92.2495
33.9922,0.0945435,0,14.4788,0,-24.1395,92.2495
34.0921,0.0892183,0,14.4484,0,-17.3587,92.2495
34.1921,0.0892183,0,14.4484,0,-17.3587,92.2495
34.2921,0.083403,0,14.4234,0,-10.0032,92.2495
34.3921,0.083403,0,14.4234,0,-10.0032,92.2495
34.492,0.083403,0,14.4234,0,-10.0032,92.2495
34.5921,0.0771359,0,14.4033,0,-1.83405,92.2495
34.6921,0.0771359,0,14.4033,0,-1.83405,92.2495
34.7921,0.0690203,0,14.3883,0,6.87441,92.2495
34.8921,0.0690203,0,14.3883,0,6.87441,92.2495
34.992,0.0587036,0,14.3793,0,15.6717,92.2495
35.0921,0.0587036,0,14.3793,0,15.6717,92.2495
35.192,0.0587036,0,14.3793,0,15.6717,92.2495
35.2921,0.0503478,0,14.3751,0,24.2221,92.2495
35.3921,0.0503478,0,14.3751,0,24.2221,92.2495
35.492,0.0431166,0,14.3743,0,32.4881,92.2495
35.5921,0.0431166,0,14.3743,0,32.4881,92.2495
35.6921,0.0431166,0,14.3743,0,32.4881,92.2495
35.7921,0.035218,0,14.3755,0,40.5329,92.2495
35.8921,0.035218,0,14.3755,0,40.5329,92.2495
35.9921,0.0281274,0,14.3774,0,48.2767,92.2495
36.0921,0.0281274,0,14.3774,0,48.2767,92.2495
36.192,0.0187268,0,14.3838,0,55.5324,92.2495
36.2921,0.0187268,0,14.3838,0,55.5324,92.2495
36.3921,0.0187268,0,14.3838,0,55.5324,92.2495
36.4921,0.0119544,0,14.392,0,62.2583,92.2495
36.5921,0.0119544,0,14.392,0,62.2583,92.2495
36.692,0.00727934,0,14.3991,0,67.8003,92.2495
36.7921,0.00727934,0,14.3991,0,67.8003,92.2495
36.8921,0.00727934,0,14.3991,0,67.8003,92.2495
36.992,0.0060982,0,14.4036,0,71.9142,92.2495
37.0921,0.0060982,0,14.4036,0,71.9142,92.2495
37.192,0.00797169,0,14.4083,0,74.9561,92.2495
37.2921,0.00797169,0,14.4083,0,74.9561,92.2495
37.392,0.00936654,0,14.4139,0,77.0847,92.2495
37.4921,0.00936654,0,14.4139,0,77.0847,92.2495
37.5921,0.00936654,0,14.4139,0,77.0847,92.2495
37.6921,0.0126709,0,14.4182,0,78.9177,92.2495
37.7921,0.0126709,0,14.4182,0,78.9177,92.2495
37.892,0.0166279,0,14.421,0,80.598,92.2495
37.9921,0.0166279,0,14.421,0,80.598,92.2495
38.0921,0.0166279,0,14.421,0,80.598,92.2495
38.1921,0.020381,0,14.423,0,82.2717,92.2495
38.2921,0.020381,0,14.423,0,82.2717,92.2495
38.392,0.0245517,0,14.4227,0,83.9715,92.2495
38.4921,0.0245517,0,14.4227,0,83.9715,92.2495
38.592,0.027894,0,14.4225,0,85.5215,92.2495
38.6921,0.027894,0,14.4225,0,85.5215,92.2495
38.7921,0.027894,0,14.4225,0,85.5215,92.2495
38.8921,0.0314245,0,14.4221,0,86.8509,92.2495
38.9921,0.0314245,0,14.4221,0,86.8509,92.2495
39.092,0.0371539,0,14.4207,0,87.8248,92.2495
39.1922,0.0371539,0,14.4207,0,87.8248,92.2495
39.2921,0.0371539,0,14.4207,0,87.8248,92.2495
39.3921,0.0444095,0,14.418,0,88.4672,92.2495
39.4921,0.0444095,0,14.418,0,88.4672,92.2495
39.592,0.0516459,0,14.4107,0,88.9153,92.2495
39.6921,0.0516459,0,14.4107,0,88.9153,92.2495
39.792,0.0565767,0,14.3754,0,89.3004,92.2495
39.8921,0.0565767,0,14.3754,0,89.3004,92.2495
39.9921,0.0565767,0,14.3754,0,89.3004,92.2495
40.0921,0.0599968,0,14.2903,0,89.804,92.2495
40.1921,0.0599968,0,14.2903,0,89.804,92.2495
40.292,0.0627284,0,14.1629,0,90.2262,92.2495
40.3921,0.0627284,0,14.1629,0,90.2262,92.2495
40.4921,0.0627284,0,14.1629,0,90.2262,92.2495
40.5921,0.0661018,0,14.0172,0,90.4907,92.2495
40.6921,0.0661018,0,14.0172,0,90.4907,92.2495
40.792,0.0729675,0,13.8592,0,90.8187,92.2495
40.8921,0.0729675,0,13.8592,0,90.8187,92.2495
40.992,0.0815743,0,13.6842,0,91.1179,92.2495
41.0921,0.0815743,0,13.6842,0,91.1179,92.2495
41.1921,0.0815743,0,13.6842,0,91.1179,92.2495
41.2921,0.0904254,0,13.5002,0,91.3472,92.2495
41.3921,0.0904254,0,13.5002,0,91.3472,92.2495
41.492,0.0987897,0,13.3111,0,91.5139,92.2495
41.5921,0.0987897,0,13.3111,0,91.5139,92.2495
41.692,0.0987897,0,13.3111,0,91.5139,92.2495
41.7921,0.105028,0,13.1205,0,91.6352,92.2495
41.8921,0.105028,0,13.1205,0,91.6352,92.2495
41.9921,0.109433,0,12.9313,0,91.7355,92.2495
42.0921,0.109433,0,12.9313,0,91.7355,92.2495
42.1921,0.112225,0,12.7436,0,91.8204,92.2495
42.2921,0.112225,0,12.7436,0,91.8204,92.2495
42.3921,0.112225,0,12.7436,0,91.8204,92.2495
42.4921,0.111311,0,12.5629,0,91.8878,92.2495
42.5921,0.111311,0,12.5629,0,91.8878,92.2495
42.692,0.106784,0,12.3893,0,91.9354,92.2495
42.7921,0.106784,0,12.3893,0,91.9354,92.2495
42.8921,0.106784,0,12.3893,0,91.9354,92.2495
42.992,0.0993717,0,12.2232,0,91.9616,92.2495
43.0921,0.0993717,0,12.2232,0,91.9616,92.2495
43.192,0.0897049,0,12.0644,0,91.9715,92.2495
43.2921,0.0897049,0,12.0644,0,91.9715,92.2495
43.392,0.0803785,0,11.9098,0,91.9786,92.2495
43.4921,0.0803785,0,11.9098,0,91.9786,92.2495
43.5921,0.0803785,0,11.9098,0,91.9786,92.2495
43.6921,0.0697663,0,11.7612,0,91.9721,92.2495
43.7921,0.0697663,0,11.7612,0,91.9721,92.2495
43.892,0.0602786,0,11.6181,0,91.968,92.2495
43.992,0.0602786,0,11.6181,0,91.968,92.2495
44.0921,0.0602786,0,11.6181,0,91.968,92.2495
44.1921,0.0513369,0,11.4791,0,91.9668,92.2495
44.2921,0.0513369,0,11.4791,0,91.9668,92.2495
44.3921,0.0433235,0,11.3433,0,91.9674,92.2495
44.4921,0.0433235,0,11.3433,0,91.9674,92.2495
44.592,0.0356495,0,11.2082,0,91.9712,92.2495
44.6921,0.0356495,0,11.2082,0,91.9712,92.2495
44.7921,0.0356495,0,11.2082,0,91.9712,92.2495
44.8921,0.0306033,0,11.0748,0,91.9976,92.2495
44.9921,0.0306033,0,11.0748,0,91.9976,92.2495
45.0921,0.026787,0,10.9417,0,92.0331,92.2495
45.1921,0.026787,0,10.9417,0,92.0331,92.2495
45.2921,0.026787,0,10.9417,0,92.0331,92.2495
45.3921,0.0234269,0,10.8095,0,92.0659,92.2495
45.4921,0.0234269,0,10.8095,0,92.0659,92.2495
45.592,0.02235,0,10.6775,0,92.1048,92.2495
45.6921,0.02235,0,10.6775,0,92.1048,92.2495
45.792,0.0223472,0,10.5425,0,92.1368,92.2495
45.8921,0.0223472,0,10.5425,0,92.1368,92.2495
45.9921,0.0223472,0,10.5425,0,92.1368,92.2495
46.0921,0.02377,0,10.4065,0,92.1683,92.2495
46.1921,0.02377,0,10.4065,0,92.1683,92.2495
46.292,0.026286,0,10.2699,0,92.2004,92.2495
46.3921,0.026286,0,10.2699,0,92.2004,92.2495
46.4921,0.026286,0,10.2699,0,92.2004,92.2495
46.5921,0.0299198,0,10.133,0,92.2397,92.2495
46.6921,0.0299198,0,10.133,0,92.2397,92.2495
46.792,0.0342098,0,9.99318,0,92.2852,92.2495
46.8921,0.0342098,0,9.99318,0,92.2852,92.2495
46.992,0.0388545,0,9.84973,0,92.3235,92.2495
47.0921,0.0388545,0,9.84973,0,92.3235,92.2495
47.1921,0.0388545,0,9.84973,0,92.3235,92.2495
47.2921,0.0448299,0,9.70537,0,92.3612,92.2495
47.3921,0.0448299,0,9.70537,0,92.3612,92.2495
47.492,0.049567,0,9.56118,0,92.3833,92.2495
47.592,0.049567,0,9.56118,0,92.3833,92.2495
47.6921,0.049567,0,9.56118,0,92.3833,92.2495
47.7921,0.0541259,0,9.41694,0,92.4026,92.2495
47.8921,0.0541259,0,9.41694,0,92.4026,92.2495
47.992,0.0578445,0,9.2727,0,92.4154,92.2495
48.0921,0.0578445,0,9.2727,0,92.4154,92.2495
48.192,0.0622314,0,9.12822,0,92.4318,92.2495
48.2921,0.0622314,0,9.12822,0,92.4318,92.2495
48.3921,0.0622314,0,9.12822,0,92.4318,92.2495
48.4921,0.0660234,0,8.98282,0,92.4455,92.2495
48.5921,0.0660234,0,8.98282,0,92.4455,92.2495
48.6921,0.0678557,0,8.83803,0,92.4433,92.2495
48.7921,0.0678557,0,8.83803,0,92.4433,92.2495
48.892,0.0678557,0,8.83803,0,92.4433,92.2495
48.9921,0.0685076,0,8.69355,0,92.4356,92.2495
49.0921,0.0685076,0,8.69355,0,92.4356,92.2495
49.1921,0.0676884,0,8.54974,0,92.42,92.2495
49.2921,0.0676884,0,8.54974,0,92.42,92.2495
49.392,0.068415,0,8.40452,0,92.4125,92.2495
49.4921,0.068415,0,8.40452,0,92.4125,92.2495
49.5921,0.068415,0,8.40452,0,92.4125,92.2495
49.6921,0.0692101,0,8.25982,0,92.4069,92.2495
49.7921,0.0692101,0,8.25982,0,92.4069,92.2495
49.892,0.0685588,0,8.11479,0,92.3948,92.2495
49.992,0.0685588,0,8.11479,0,92.3948,92.2495
50.0921,0.0685588,0,8.11479,0,92.3948,92.2495
50.1921,0.0679669,0,7.97005,0,92.3866,92.2495
50.2921,0.0679669,0,7.97005,0,92.3866,92.2495
50.392,0.0678181,0,7.82539,0,92.3827,92.2495
50.492,0.0678181,0,7.82539,0,92.3827,92.2495
50.592,0.0680165,0,7.68079,0,92.3819,92.2495
50.6921,0.0680165,0,7.68079,0,92.3819,92.2495
50.7921,0.0680165,0,7.68079,0,92.3819,92.2495
50.8921,0.0675738,0,7.53688,0,92.3768,92.2495
50.992,0.0675738,0,7.53688,0,92.3768,92.2495
51.092,0.0654982,0,7.39476,0,92.3613,92.2495
51.1921,0.0654982,0,7.39476,0,92.3613,92.2495
51.292,0.0654982,0,7.39476,0,92.3613,92.2495
51.3921,0.0621617,0,7.25227,0,92.3381,92.2495
51.4921,0.0621617,0,7.25227,0,92.3381,92.2495
51.592,0.0591371,0,7.10991,0,92.3148,92.2495
51.6921,0.0591371,0,7.10991,0,92.3148,92.2495
51.792,0.0575179,0,6.9663,0,92.3051,92.2495
51.8921,0.0575179,0,6.9663,0,92.3051,92.2495
51.9921,0.0575179,0,6.9663,0,92.3051,92.2495
52.092,0.055257,0,6.82121,0,92.2937,92.2495
52.1921,0.055257,0,6.82121,0,92.2937,92.2495
52.292,0.0534054,0,6.6773,0,92.2893,92.2495
52.3921,0.0534054,0,6.6773,0,92.2893,92.2495
52.492,0.0534054,0,6.6773,0,92.2893,92.2495
52.5921,0.0524344,0,6.53357,0,92.2959,92.2495
52.6921,0.0524344,0,6.53357,0,92.2959,92.2495
52.792,0.0510444,0,6.3909,0,92.2948,92.2495
52.8921,0.0510444,0,6.3909,0,92.2948,92.2495
52.992,0.0497133,0,6.24593,0,92.2925,92.2495
53.092,0.0497133,0,6.24593,0,92.2925,92.2495
53.1921,0.0497133,0,6.24593,0,92.2925,92.2495
53.292,0.048967,0,6.10128,0,92.2949,92.2495
53.3921,0.048967,0,6.10128,0,92.2949,92.2495
53.492,0.0482495,0,5.9577,0,92.2961,92.2495
53.5921,0.0482495,0,5.9577,0,92.2961,92.2495
53.692,0.0482495,0,5.9577,0,92.2961,92.2495
53.7921,0.0471272,0,5.8139,0,92.3021,92.2495
53.8921,0.0471272,0,5.8139,0,92.3021,92.2495
53.992,0.044724,0,5.67002,0,92.2988,92.2495
54.092,0.044724,0,5.67002,0,92.2988,92.2495
54.192,0.044724,0,5.67002,0,92.2988,92.2495
54.292,0.0408195,0,5.52477,0,92.2746,92.2495
54.3921,0.0408195,0,5.52477,0,92.2746,92.2495
54.492,0.0384333,0,5.38099,0,92.2598,92.2495
54.5921,0.0384333,0,5.38099,0,92.2598,92.2495
54.692,0.0363899,0,5.2362,0,92.2441,92.2495
54.7921,0.0363899,0,5.2362,0,92.2441,92.2495
54.892,0.0363899,0,5.2362,0,92.2441,92.2495
54.9921,0.0336714,0,5.09219,0,92.2229,92.2495
55.0921,0.0336714,0,5.09219,0,92.2229,92.2495
55.192,0.030757,0,4.94906,0,92.2056,92.2495
55.292,0.030757,0,4.94906,0,92.2056,92.2495
55.392,0.0291386,0,4.80546,0,92.212,92.2495
55.492,0.0291386,0,4.80546,0,92.212,92.2495
55.5921,0.0291386,0,4.80546,0,92.212,92.2495
55.692,0.027578,0,4.66273,0,92.2234,92.2495
55.7921,0.027578,0,4.66273,0,92.2234,92.2495
55.892,0.0265813,0,4.52138,0,92.2432,92.2495
55.992,0.0265813,0,4.52138,0,92.2432,92.2495
56.092,0.0265813,0,4.52138,0,92.2432,92.2495
56.1921,0.026446,0,4.38066,0,92.2718,92.2495
56.2921,0.026446,0,4.38066,0,92.2718,92.2495
56.3921,0.0274946,0,4.23694,0,92.3134,92.2495
56.4921,0.0274946,0,4.23694,0,92.3134,92.2495
56.592,0.027592,0,4.09344,0,92.329,92.2495
56.692,0.027592,0,4.09344,0,92.329,92.2495
56.7921,0.027592,0,4.09344,0,92.329,92.2495
56.8921,0.0278318,0,3.94968,0,92.3395,92.2495
56.9921,0.0278318,0,3.94968,0,92.3395,92.2495
57.092,0.0274687,0,3.80723,0,92.3366,92.2495
57.192,0.0274687,0,3.80723,0,92.3366,92.2495
57.2921,0.0274687,0,3.80723,0,92.3366,92.2495
57.392,0.0263,0,3.6652,0,92.3245,92.2495
57.4921,0.0263,0,3.6652,0,92.3245,92.2495
57.592,0.0253938,0,3.5221,0,92.3178,92.2495
57.6921,0.0253938,0,3.5221,0,92.3178,92.2495
57.792,0.0253592,0,3.37828,0,92.328,92.2495
57.8921,0.0253592,0,3.37828,0,92.328,92.2495
57.9926,0.0253592,0,3.37828,0,92.328,92.2495
58.092,0.0255624,0,3.23545,0,92.3527,92.2495
58.1921,0.0255624,0,3.23545,0,92.3527,92.2495
58.292,0.0256464,0,3.09023,0,92.3828,92.2495
58.3921,0.0256464,0,3.09023,0,92.3828,92.2495
58.4921,0.0256464,0,3.09023,0,92.3828,92.2495
58.5921,0.0257996,0,2.94496,0,92.4101,92.2495
58.6921,0.0257996,0,2.94496,0,92.4101,92.2495
58.792,0.026338,0,2.79963,0,92.437,92.2495
58.8921,0.026338,0,2.79963,0,92.437,92.2495
58.9921,0.026338,0,2.79963,0,92.437,92.2495
59.0921,0.0273314,0,2.65445,0,92.4754,92.2495
59.1921,0.0273314,0,2.65445,0,92.4754,92.2495
59.2921,0.0274967,0,2.5099,0,92.4916,92.2495
59.3921,0.0274967,0,2.5099,0,92.4916,92.2495
59.492,0.0274967,0,2.5099,0,92.4916,92.2495
59.5921,0.0260447,0,2.36542,0,92.467,92.2495
59.6921,0.0260447,0,2.36542,0,92.467,92.2495
59.7921,0.0239847,0,2.221,0,92.4299,92.2495
59.8921,0.0239847,0,2.221,0,92.4299,92.2495
59.992,0.0224491,0,2.07709,0,92.4086,92.2495
60.0921,0.0224491,0,2.07709,0,92.4086,92.2495
60.1921,0.0224491,0,2.07709,0,92.4086,92.2495
60.292,0.0205181,0,1.93125,0,92.3747,92.2495
60.3921,0.0205181,0,1.93125,0,92.3747,92.2495
60.492,0.0177751,0,1.78624,0,92.3234,92.2495
60.5921,0.0177751,0,1.78624,0,92.3234,92.2495
60.692,0.0155862,0,1.64305,0,92.2916,92.2495
60.792,0.0155862,0,1.64305,0,92.2916,92.2495
60.892,0.0155862,0,1.64305,0,92.2916,92.2495
60.9921,0.0141534,0,1.50001,0,92.2841,92.2495
61.0921,0.0141534,0,1.50001,0,92.2841,92.2495
61.1921,0.0127569,0,1.35555,0,92.282,92.2495
61.292,0.0127569,0,1.35555,0,92.282,92.2495
61.3921,0.0127569,0,1.35555,0,92.282,92.2495
61.492,0.0103763,0,1.2105,0,92.2367,92.2495
61.5921,0.0103763,0,1.2105,0,92.2367,92.2495
61.692,0.0079034,0,1.06594,0,92.1803,92.2495
61.7921,0.0079034,0,1.06594,0,92.1803,92.2495
61.892,0.0079034,0,1.06594,0,92.1803,92.2495
61.9921,0.00649077,0,0.922418,0,92.1661,92.2495
62.0921,0.00649077,0,0.922418,0,92.1661,92.2495
62.192,0.00611952,0,0.780977,0,92.2206,92.2495
62.2921,0.00611952,0,0.780977,0,92.2206,92.2495
62.392,0.00453319,0,0.64774,0,92.1755,92.2495
62.392,0.00453319,0,0.64774,0,92.1755,92.2495
62.4919,0.00453319,0,0.64774,0,92.1755,92.2495
62.5919,0.00453319,0,0.64774,0,92.1755,92.2495
62.6919,0.00311683,0,0.526426,0,92.1755,92.2495
62.792,0.00246264,0,0.425739,0,92.1566,92.2495
63.0919,0.00179887,0,0.359676,0,92.1499,92.2495
63.192,0.00179887,0,0.359676,0,92.1499,92.2495
63.292,0.00179887,0,0.359676,0,92.1499,92.2495
63.392,0.000571162,0,0.337032,0,92.0348,92.2495
63.492,0.000571162,0,0.337032,0,92.0348,92.2495
63.592,-0.00265339,0,0.339295,0,91.4379,92.2495
63.692,-0.00265339,0,0.339295,0,91.4379,92.2495
63.792,-0.00265339,0,0.339295,0,91.4379,92.2495
63.892,-0.00857101,0,0.352521,0,90.4562,92.2495
63.992,-0.00857101,0,0.352521,0,90.4562,92.2495
64.092,-0.0163272,0,0.377521,0,89.3537,92.2495
64.192,-0.0163272,0,0.377521,0,89.3537,92.2495
64.2919,-0.0244469,0,0.412052,0,88.4189,92.2495
64.392,-0.0244469,0,0.412052,0,88.4189,92.2495
64.492,-0.0244469,0,0.412052,0,88.4189,92.2495
64.592,-0.0316026,0,0.451775,0,87.7996,92.2495
64.692,-0.0316026,0,0.451775,0,87.7996,92.2495
64.792,-0.037556,0,0.491635,0,87.4319,92.2495
64.892,-0.037556,0,0.491635,0,87.4319,92.2495
64.992,-0.037556,0,0.491635,0,87.4319,92.2495
65.0919,-0.0410996,0,0.529963,0,87.3738,92.2495
65.1921,-0.0410996,0,0.529963,0,87.3738,92.2495
65.292,-0.0433553,0,0.564772,0,87.4211,92.2495
65.392,-0.0433553,0,0.564772,0,87.4211,92.2495
65.492,-0.0433553,0,0.564772,0,87.4211,92.2495
65.592,-0.0432975,0,0.594771,0,87.6462,92.2495
65.692,-0.0432975,0,0.594771,0,87.6462,92.2495
65.792,-0.0391098,0,0.619569,0,88.1965,92.2495
65.892,-0.0391098,0,0.619569,0,88.1965,92.2495
65.9919,-0.0321756,0,0.6368,0,88.9202,92.2495
66.092,-0.0321756,0,0.6368,0,88.9202,92.2495
66.192,-0.0321756,0,0.6368,0,88.9202,92.2495
66.292,-0.0231849,0,0.647597,0,89.7596,92.2495
66.392,-0.0231849,0,0.647597,0,89.7596,92.2495
66.4919,-0.0129562,0,0.652898,0,90.6666,92.2495
66.592,-0.0129562,0,0.652898,0,90.6666,92.2495
66.692,-0.0129562,0,0.652898,0,90.6666,92.2495
66.792,-0.00322849,0,0.654532,0,91.5172,92.2495
66.892,-0.00322849,0,0.654532,0,91.5172,92.2495
66.9919,0.00635952,0,0.652643,0,92.3601,92.2495
67.092,0.00635952,0,0.652643,0,92.3601,92.2495
67.1921,0.0143675,0,0.647517,0,93.0752,92.2495
67.292,0.0143675,0,0.647517,0,93.0752,92.2495
67.3921,0.0143675,0,0.647517,0,93.0752,92.2495
67.492,0.0220413,0,0.639036,0,93.7812,92.2495
67.592,0.0220413,0,0.639036,0,93.7812,92.2495
67.692,0.027857,0,0.629592,0,94.3387,92.2495
67.792,0.027857,0,0.629592,0,94.3387,92.2495
67.8919,0.0312367,0,0.620965,0,94.684,92.2495
