0,0.199398,0,0.416157,20,84.0037,-92.7065
0.393346,0.199398,0,0.416157,20,84.0037,-92.7065
0.493207,0.199398,0,0.416157,20,84.0037,-92.7065
0.593204,0.198299,0,0.416735,20,84.0045,-92.7065
0.693247,0.198299,0,0.416735,20,84.0045,-92.7065
0.793182,0.198299,0,0.416735,20,84.0045,-92.7065
0.893202,0.196956,0,0.417767,20,83.8887,-92.7065
0.993173,0.196956,0,0.417767,20,83.8887,-92.7065
1.09319,0.197589,0,0.417413,20,80.654,-92.7065
1.19318,0.197589,0,0.417413,20,80.654,-92.7065
1.29313,0.197466,0,0.417924,20,72.0606,-92.7065
1.39322,0.197466,0,0.417924,20,72.0606,-92.7065
1.49321,0.197466,0,0.417924,20,72.0606,-92.7065
1.59317,0.196676,0,0.418431,20,60.2727,-92.7065
1.69319,0.196676,0,0.418431,20,60.2727,-92.7065
1.79314,0.196253,0,0.418365,20,48.1774,-92.7065
1.89322,0.196253,0,0.418365,20,48.1774,-92.7065
1.99311,0.195629,0,0.418623,20,37.8544,-92.7065
2.09322,0.195629,0,0.418623,20,37.8544,-92.7065
2.19317,0.195629,0,0.418623,20,37.8544,-92.7065
2.2932,0.197256,0,0.416683,20,29.7479,-92.7065
2.39324,0.197256,0,0.416683,20,29.7479,-92.7065
2.49313,0.198373,0,0.416071,20,22.9116,-92.7065
2.5932,0.198373,0,0.416071,20,22.9116,-92.7065
2.69314,0.198312,0,0.415719,20,16.1598,-92.7065
2.7932,0.198312,0,0.415719,20,16.1598,-92.7065
2.89321,0.198312,0,0.415719,20,16.1598,-92.7065
2.9932,0.198781,0,0.414985,20,8.65871,-92.7065
3.09323,0.198781,0,0.414985,20,8.65871,-92.7065
3.19316,0.198781,0,0.414985,20,8.65871,-92.7065
3.29319,0.198547,0,0.415157,20,0.300853,-92.7065
3.39321,0.198547,0,0.415157,20,0.300853,-92.7065
3.49322,0.199695,0,0.413983,20,-8.55063,-92.7065
3.5932,0.199695,0,0.413983,20,-8.55063,-92.7065
3.69314,0.19878,0,0.413939,20,-17.3741,-92.7065
3.7932,0.19878,0,0.413939,20,-17.3741,-92.7065
3.89321,0.19878,0,0.413939,20,-17.3741,-92.7065
3.99319,0.196274,0,0.414595,20,-25.9287,-92.7065
4.09319,0.196274,0,0.414595,20,-25.9287,-92.7065
4.19315,0.191884,0,0.415919,20,-34.1638,-92.7065
4.29322,0.191884,0,0.415919,20,-34.1638,-92.7065
4.39316,0.191884,0,0.415919,20,-34.1638,-92.7065
4.49318,0.186687,0,0.418006,20,-42.1565,-92.7065
4.59321,0.186687,0,0.418006,20,-42.1565,-92.7065
4.6932,0.182247,0,0.418782,20,-49.8981,-92.7065
4.79315,0.182247,0,0.418782,20,-49.8981,-92.7065
4.89319,0.177359,0,0.419873,20,-57.1511,-92.7065
4.99322,0.177359,0,0.419873,20,-57.1511,-92.7065
5.09317,0.177359,0,0.419873,20,-57.1511,-92.7065
5.1932,0.171826,0,0.423292,20,-64.067,-92.7065
5.29322,0.171826,0,0.423292,20,-64.067,-92.7065
5.39318,0.166538,0,0.42814,20,-69.9087,-92.7065
5.49316,0.166538,0,0.42814,20,-69.9087,-92.7065
5.59317,0.166538,0,0.42814,20,-69.9087,-92.7065
5.69325,0.161337,0,0.433982,20,-74.2215,-92.7065
5.79335,0.161337,0,0.433982,20,-74.2215,-92.7065
5.89323,0.156549,0,0.437824,20,-77.368,-92.7065
5.99316,0.156549,0,0.437824,20,-77.368,-92.7065
6.09314,0.151642,0,0.441104,20,-79.4782,-92.7065
6.1932,0.151642,0,0.441104,20,-79.4782,-92.7065
6.29316,0.151642,0,0.441104,20,-79.4782,-92.7065
6.39321,0.146568,0,0.444399,20,-81.1607,-92.7065
6.49322,0.146568,0,0.444399,20,-81.1607,-92.7065
6.59314,0.140523,0,0.448386,20,-82.6469,-92.7065
6.69318,0.140523,0,0.448386,20,-82.6469,-92.7065
6.79316,0.140523,0,0.448386,20,-82.6469,-92.7065
6.8932,0.134463,0,0.453257,20,-84.1052,-92.7065
6.99321,0.134463,0,0.453257,20,-84.1052,-92.7065
7.09318,0.129604,0,0.456538,20,-85.6676,-92.7065
7.19319,0.129604,0,0.456538,20,-85.6676,-92.7065
7.29315,0.124543,0,0.460469,20,-87.1695,-92.7065
7.39319,0.124543,0,0.460469,20,-87.1695,-92.7065
7.49317,0.124543,0,0.460469,20,-87.1695,-92.7065
7.59321,0.119587,0,0.466722,20,-88.5307,-92.7065
7.6932,0.119587,0,0.466722,20,-88.5307,-92.7065
7.79311,0.114803,0,0.472772,20,-89.573,-92.7065
7.89317,0.114803,0,0.472772,20,-89.573,-92.7065
7.99318,0.114803,0,0.472772,20,-89.573,-92.7065
8.09317,0.10854,0,0.479201,20,-90.2467,-92.7065
8.19321,0.10854,0,0.479201,20,-90.2467,-92.7065
8.29321,0.101663,0,0.505953,20,-90.7195,-92.7065
8.39319,0.101663,0,0.505953,20,-90.7195,-92.7065
8.49316,0.0940649,0,0.578537,20,-91.1564,-92.7065
8.59319,0.0940649,0,0.578537,20,-91.1564,-92.7065
8.69319,0.0940649,0,0.578537,20,-91.1564,-92.7065
8.79318,0.0846843,0,0.697111,20,-91.5423,-92.7065
8.8932,0.0846843,0,0.697111,20,-91.5423,-92.7065
8.99317,0.0743046,0,0.83777,20,-91.7277,-92.7065
9.0932,0.0743046,0,0.83777,20,-91.7277,-92.7065
9.19319,0.0743046,0,0.83777,20,-91.7277,-92.7065
9.29317,0.0635028,0,0.989297,20,-91.9737,-92.7065
9.39319,0.0635028,0,0.989297,20,-91.9737,-92.7065
9.49316,0.0520793,0,1.15469,20,-92.2724,-92.7065
9.59319,0.0520793,0,1.15469,20,-92.2724,-92.7065
9.69316,0.0416116,0,1.3298,20,-92.5311,-92.7065
9.79318,0.0416116,0,1.3298,20,-92.5311,-92.7065
9.89322,0.0416116,0,1.3298,20,-92.5311,-92.7065
9.99322,0.032508,0,1.51177,20,-92.7441,-92.7065
10.0932,0.032508,0,1.51177,20,-92.7441,-92.7065
10.1931,0.0254576,0,1.69556,20,-92.9157,-92.7065
10.2932,0.0254576,0,1.69556,20,-92.9157,-92.7065
10.3932,0.0254576,0,1.69556,20,-92.9157,-92.7065
10.4932,0.0204269,0,1.87866,20,-93.0488,-92.7065
10.5932,0.0204269,0,1.87866,20,-93.0488,-92.7065
10.6932,0.0155425,0,2.05975,20,-93.1454,-92.7065
10.7932,0.0155425,0,2.05975,20,-93.1454,-92.7065
10.8932,0.0122705,0,2.23686,20,-93.2266,-92.7065
10.9932,0.0122705,0,2.23686,20,-93.2266,-92.7065
11.0932,0.0122705,0,2.23686,20,-93.2266,-92.7065
11.1932,0.0109969,0,2.40918,20,-93.3148,-92.7065
11.2932,0.0109969,0,2.40918,20,-93.3148,-92.7065
11.3932,0.0120711,0,2.57534,20,-93.4052,-92.7065
11.4932,0.0120711,0,2.57534,20,-93.4052,-92.7065
11.5931,0.0120711,0,2.57534,20,-93.4052,-92.7065
11.6931,0.0140216,0,2.73615,20,-93.4941,-92.7065
11.7932,0.0140216,0,2.73615,20,-93.4941,-92.7065
11.8932,0.0150163,0,2.89343,20,-93.5742,-92.7065
11.9932,0.0150163,0,2.89343,20,-93.5742,-92.7065
12.0932,0.0168661,0,3.04753,20,-93.6514,-92.7065
12.1932,0.0168661,0,3.04753,20,-93.6514,-92.7065
12.2932,0.0168661,0,3.04753,20,-93.6514,-92.7065
12.3932,0.0184126,0,3.19834,20,-93.7131,-92.7065
12.4931,0.0184126,0,3.19834,20,-93.7131,-92.7065
12.5931,0.0216426,0,3.3452,20,-93.7644,-92.7065
12.6932,0.0216426,0,3.3452,20,-93.7644,-92.7065
12.7932,0.0216426,0,3.3452,20,-93.7644,-92.7065
12.8932,0.0246919,0,3.48817,20,-93.8002,-92.7065
12.9932,0.0246919,0,3.48817,20,-93.8002,-92.7065
13.0931,0.0259109,0,3.6321,20,-93.8226,-92.7065
13.1932,0.0259109,0,3.6321,20,-93.8226,-92.7065
13.2931,0.0286573,0,3.77409,20,-93.8442,-92.7065
13.3932,0.0286573,0,3.77409,20,-93.8442,-92.7065
13.4932,0.0286573,0,3.77409,20,-93.8442,-92.7065
13.5933,0.0323808,0,3.9146,20,-93.8628,-92.7065
13.6932,0.0323808,0,3.9146,20,-93.8628,-92.7065
13.7931,0.0365207,0,4.05421,20,-93.8844,-92.7065
13.8932,0.0365207,0,4.05421,20,-93.8844,-92.7065
13.9932,0.0365207,0,4.05421,20,-93.8844,-92.7065
14.0931,0.0409988,0,4.19432,20,-93.909,-92.7065
14.1932,0.0409988,0,4.19432,20,-93.909,-92.7065
14.2932,0.0444899,0,4.33611,20,-93.9331,-92.7065
14.3932,0.0444899,0,4.33611,20,-93.9331,-92.7065
14.4931,0.0473739,0,4.47647,20,-93.9528,-92.7065
14.5931,0.0473739,0,4.47647,20,-93.9528,-92.7065
14.6932,0.0473739,0,4.47647,20,-93.9528,-92.7065
14.7931,0.0488725,0,4.61814,20,-93.9621,-92.7065
14.8932,0.0488725,0,4.61814,20,-93.9621,-92.7065
14.9931,0.0508617,0,4.75839,20,-93.9697,-92.7065
15.0932,0.0508617,0,4.75839,20,-93.9697,-92.7065
15.1932,0.0508617,0,4.75839,20,-93.9697,-92.7065
15.2932,0.0533053,0,4.89812,20,-93.9745,-92.7065
15.3932,0.0533053,0,4.89812,20,-93.9745,-92.7065
15.4932,0.0542346,0,5.04101,20,-93.9669,-92.7065
15.5932,0.0542346,0,5.04101,20,-93.9669,-92.7065
15.6931,0.0549582,0,5.18489,20,-93.9579,-92.7065
15.7932,0.0549582,0,5.18489,20,-93.9579,-92.7065
15.8932,0.0549582,0,5.18489,20,-93.9579,-92.7065
15.9932,0.0564221,0,5.3279,20,-93.9574,-92.7065
16.0932,0.0564221,0,5.3279,20,-93.9574,-92.7065
16.1931,0.0585368,0,5.47054,20,-93.9623,-92.7065
16.2932,0.0585368,0,5.47054,20,-93.9623,-92.7065
16.3932,0.0585368,0,5.47054,20,-93.9623,-92.7065
16.4932,0.061164,0,5.61403,20,-93.9747,-92.7065
16.5932,0.061164,0,5.61403,20,-93.9747,-92.7065
16.6932,0.0610675,0,5.75867,20,-93.9778,-92.7065
16.7932,0.0610675,0,5.75867,20,-93.9778,-92.7065
16.8931,0.0609622,0,5.90455,20,-93.9751,-92.7065
16.9932,0.0609622,0,5.90455,20,-93.9751,-92.7065
17.0932,0.0609622,0,5.90455,20,-93.9751,-92.7065
17.1934,0.0614372,0,6.05031,20,-93.9742,-92.7065
17.2932,0.0614372,0,6.05031,20,-93.9742,-92.7065
17.3932,0.0632528,0,6.19586,20,-93.9744,-92.7065
17.4932,0.0632528,0,6.19586,20,-93.9744,-92.7065
17.5932,0.0632528,0,6.19586,20,-93.9744,-92.7065
17.6932,0.0665404,0,6.34004,20,-93.981,-92.7065
17.7932,0.0665404,0,6.34004,20,-93.981,-92.7065
17.8932,0.0672666,0,6.48618,20,-93.9786,-92.7065
17.9932,0.0672666,0,6.48618,20,-93.9786,-92.7065
18.0931,0.0680002,0,6.63183,20,-93.9827,-92.7065
18.1932,0.0680002,0,6.63183,20,-93.9827,-92.7065
18.2932,0.0680002,0,6.63183,20,-93.9827,-92.7065
18.3932,0.0701784,0,6.77699,20,-93.9889,-92.7065
18.4932,0.0701784,0,6.77699,20,-93.9889,-92.7065
18.5931,0.0729939,0,6.92081,20,-93.9946,-92.7065
18.6932,0.0729939,0,6.92081,20,-93.9946,-92.7065
18.7932,0.0729939,0,6.92081,20,-93.9946,-92.7065
18.8932,0.0755317,0,7.06434,20,-93.9997,-92.7065
18.9932,0.0755317,0,7.06434,20,-93.9997,-92.7065
19.0932,0.0765926,0,7.20834,20,-93.9982,-92.7065
19.1933,0.0765926,0,7.20834,20,-93.9982,-92.7065
19.2931,0.0785441,0,7.3524,20,-94.0015,-92.7065
19.3932,0.0785441,0,7.3524,20,-94.0015,-92.7065
19.4932,0.0785441,0,7.3524,20,-94.0015,-92.7065
19.5932,0.0801234,0,7.49656,20,-94.0029,-92.7065
19.6932,0.0801234,0,7.49656,20,-94.0029,-92.7065
19.7931,0.0825043,0,7.64031,20,-94.0083,-92.7065
19.8932,0.0825043,0,7.64031,20,-94.0083,-92.7065
19.9932,0.0825043,0,7.64031,20,-94.0083,-92.7065
20.0932,0.0864306,0,7.78298,20,-94.0167,-92.7065
20.1932,0.0864306,0,7.78298,20,-94.0167,-92.7065
20.2932,0.0890631,0,7.92844,20,-94.0178,-92.7065
20.3932,0.0890631,0,7.92844,20,-94.0178,-92.7065
20.4931,0.0918452,0,8.07456,20,-94.024,-92.7065
20.5932,0.0918452,0,8.07456,20,-94.024,-92.7065
20.6932,0.0918452,0,8.07456,20,-94.024,-92.7065
20.7931,0.0950862,0,8.21966,20,-94.0343,-92.7065
20.8932,0.0950862,0,8.21966,20,-94.0343,-92.7065
20.9932,0.0998238,0,8.3641,20,-94.0524,-92.7065
21.0932,0.0998238,0,8.3641,20,-94.0524,-92.7065
21.1932,0.0998238,0,8.3641,20,-94.0524,-92.7065
21.2932,0.104265,0,8.50705,20,-94.0676,-92.7065
21.3932,0.104265,0,8.50705,20,-94.0676,-92.7065
21.4931,0.106687,0,8.65218,20,-94.0673,-92.7065
21.5932,0.106687,0,8.65218,20,-94.0673,-92.7065
21.6931,0.110224,0,8.79734,20,-94.0647,-92.7065
21.7931,0.110224,0,8.79734,20,-94.0647,-92.7065
21.8932,0.110224,0,8.79734,20,-94.0647,-92.7065
21.9932,0.114043,0,8.94218,20,-94.0639,-92.7065
22.0932,0.114043,0,8.94218,20,-94.0639,-92.7065
22.1931,0.117388,0,9.08682,20,-94.0669,-92.7065
22.2932,0.117388,0,9.08682,20,-94.0669,-92.7065
22.3932,0.117388,0,9.08682,20,-94.0669,-92.7065
22.4932,0.120125,0,9.23089,20,-94.0719,-92.7065
22.5932,0.120125,0,9.23089,20,-94.0719,-92.7065
22.6932,0.120415,0,9.37727,20,-94.0669,-92.7065
22.7932,0.120415,0,9.37727,20,-94.0669,-92.7065
22.8931,0.12045,0,9.52233,20,-94.0591,-92.7065
22.9932,0.12045,0,9.52233,20,-94.0591,-92.7065
23.0932,0.12045,0,9.52233,20,-94.0591,-92.7065
23.1932,0.120807,0,9.667,20,-94.0494,-92.7065
23.2932,0.120807,0,9.667,20,-94.0494,-92.7065
23.3931,0.120963,0,9.81031,20,-94.0396,-92.7065
23.4932,0.120963,0,9.81031,20,-94.0396,-92.7065
23.5932,0.120963,0,9.81031,20,-94.0396,-92.7065
23.6932,0.122341,0,9.95369,20,-94.0392,-92.7065
23.7932,0.122341,0,9.95369,20,-94.0392,-92.7065
23.8932,0.12144,0,10.0988,20,-94.027,-92.7065
23.9932,0.12144,0,10.0988,20,-94.027,-92.7065
24.0931,0.120435,0,10.2433,20,-94.0105,-92.7065
24.1932,0.120435,0,10.2433,20,-94.0105,-92.7065
24.2932,0.120435,0,10.2433,20,-94.0105,-92.7065
24.3932,0.120528,0,10.3876,20,-94.0056,-92.7065
24.4932,0.120528,0,10.3876,20,-94.0056,-92.7065
24.5931,0.12134,0,10.5324,20,-94.0069,-92.7065
24.6932,0.12134,0,10.5324,20,-94.0069,-92.7065
24.7932,0.12134,0,10.5324,20,-94.0069,-92.7065
24.8932,0.123027,0,10.6762,20,-94.0172,-92.7065
24.9932,0.123027,0,10.6762,20,-94.0172,-92.7065
25.0931,0.123094,0,10.8202,20,-94.0188,-92.7065
25.1932,0.123094,0,10.8202,20,-94.0188,-92.7065
25.2931,0.123258,0,10.9635,20,-94.0208,-92.7065
25.3932,0.123258,0,10.9635,20,-94.0208,-92.7065
25.4932,0.123258,0,10.9635,20,-94.0208,-92.7065
25.5932,0.124524,0,11.1073,20,-94.0303,-92.7065
25.6932,0.124524,0,11.1073,20,-94.0303,-92.7065
25.7931,0.126669,0,11.25,20,-94.0482,-92.7065
25.8932,0.126669,0,11.25,20,-94.0482,-92.7065
25.9932,0.126669,0,11.25,20,-94.0482,-92.7065
26.0932,0.129078,0,11.3913,20,-94.0614,-92.7065
26.1932,0.129078,0,11.3913,20,-94.0614,-92.7065
26.2931,0.130133,0,11.5347,20,-94.0642,-92.7065
26.3932,0.130133,0,11.5347,20,-94.0642,-92.7065
26.4931,0.131414,0,11.6789,20,-94.0634,-92.7065
26.5932,0.131414,0,11.6789,20,-94.0634,-92.7065
26.6932,0.131414,0,11.6789,20,-94.0634,-92.7065
26.7932,0.1315,0,11.824,20,-94.0514,-92.7065
26.8932,0.1315,0,11.824,20,-94.0514,-92.7065
26.9931,0.132147,0,11.9676,20,-94.0423,-92.7065
27.0932,0.132147,0,11.9676,20,-94.0423,-92.7065
27.1931,0.132147,0,11.9676,20,-94.0423,-92.7065
27.2932,0.134794,0,12.1112,20,-94.0526,-92.7065
27.3932,0.134794,0,12.1112,20,-94.0526,-92.7065
27.4932,0.133589,0,12.2572,20,-94.0458,-92.7065
27.5932,0.133589,0,12.2572,20,-94.0458,-92.7065
27.6931,0.132328,0,12.4025,20,-94.0481,-92.7065
27.7932,0.132328,0,12.4025,20,-94.0481,-92.7065
27.8932,0.132328,0,12.4025,20,-94.0481,-92.7065
27.9932,0.131811,0,12.5469,20,-94.0563,-92.7065
28.0932,0.131811,0,12.5469,20,-94.0563,-92.7065
28.1931,0.132433,0,12.6904,20,-94.0634,-92.7065
28.2932,0.132433,0,12.6904,20,-94.0634,-92.7065
28.3932,0.132433,0,12.6904,20,-94.0634,-92.7065
28.4932,0.133743,0,12.8334,20,-94.0673,-92.7065
28.5932,0.133743,0,12.8334,20,-94.0673,-92.7065
28.6931,0.132336,0,12.979,20,-94.0467,-92.7065
28.7932,0.132336,0,12.979,20,-94.0467,-92.7065
28.8931,0.131902,0,13.1242,20,-94.042,-92.7065
28.9932,0.131902,0,13.1242,20,-94.042,-92.7065
29.0932,0.131902,0,13.1242,20,-94.042,-92.7065
29.1932,0.132582,0,13.2667,20,-94.0464,-92.7065
29.2932,0.132582,0,13.2667,20,-94.0464,-92.7065
29.3931,0.13388,0,13.4086,20,-94.0681,-92.7065
29.4932,0.13388,0,13.4086,20,-94.0681,-92.7065
29.5932,0.13388,0,13.4086,20,-94.0681,-92.7065
29.6932,0.135048,0,13.5503,20,-94.0937,-92.7065
29.7932,0.135048,0,13.5503,20,-94.0937,-92.7065
29.8932,0.134052,0,13.6945,20,-94.1001,-92.7065
29.9932,0.134052,0,13.6945,20,-94.1001,-92.7065
30.0932,0.134002,0,13.8389,20,-94.1071,-92.7065
30.1932,0.134002,0,13.8389,20,-94.1071,-92.7065
30.2932,0.134002,0,13.8389,20,-94.1071,-92.7065
30.3932,0.135016,0,13.9818,20,-94.1138,-92.7065
30.4932,0.135016,0,13.9818,20,-94.1138,-92.7065
30.5931,0.136756,0,14.125,20,-94.1283,-92.7065
30.6932,0.136756,0,14.125,20,-94.1283,-92.7065
30.7931,0.136756,0,14.125,20,-94.1283,-92.7065
30.8932,0.138983,0,14.2699,20,-94.151,-92.7065
30.9932,0.138983,0,14.2699,20,-94.151,-92.7065
31.0931,0.138316,0,14.4164,20,-94.1425,-92.7065
31.1932,0.138316,0,14.4164,20,-94.1425,-92.7065
31.2931,0.137498,0,14.5619,20,-94.1369,-92.7065
31.3932,0.137498,0,14.5619,20,-94.1369,-92.7065
31.4932,0.137498,0,14.5619,20,-94.1369,-92.7065
31.5932,0.137071,0,14.7065,20,-94.1367,-92.7065
31.6932,0.137071,0,14.7065,20,-94.1367,-92.7065
31.7931,0.137118,0,14.8513,20,-94.1454,-92.7065
31.8932,0.137118,0,14.8513,20,-94.1454,-92.7065
31.9932,0.137118,0,14.8513,20,-94.1454,-92.7065
32.0932,0.13683,0,14.9955,20,-94.1584,-92.7065
32.1932,0.13683,0,14.9955,20,-94.1584,-92.7065
32.2932,0.13395,0,15.1422,20,-94.1481,-92.7065
32.3932,0.13395,0,15.1422,20,-94.1481,-92.7065
32.4931,0.132302,0,15.2872,20,-94.1492,-92.7065
32.5932,0.132302,0,15.2872,20,-94.1492,-92.7065
32.6932,0.132302,0,15.2872,20,-94.1492,-92.7065
32.7932,0.131867,0,15.4322,20,-94.1527,-92.7065
32.8932,0.131867,0,15.4322,20,-94.1527,-92.7065
32.9931,0.132182,0,15.5776,20,-94.1651,-92.7065
33.0932,0.132182,0,15.5776,20,-94.1651,-92.7065
33.1932,0.132182,0,15.5776,20,-94.1651,-92.7065
33.2932,0.134091,0,15.7222,20,-94.2038,-92.7065
33.3932,0.134091,0,15.7222,20,-94.2038,-92.7065
33.4932,0.133294,0,15.8683,20,-94.2156,-92.7065
33.5932,0.133294,0,15.8683,20,-94.2156,-92.7065
33.6931,0.131343,0,16.0128,20,-94.2188,-92.7065
33.7931,0.131343,0,16.0128,20,-94.2188,-92.7065
33.8932,0.131343,0,16.0128,20,-94.2188,-92.7065
33.9932,0.130026,0,16.1575,20,-94.2334,-92.7065
34.0932,0.130026,0,16.1575,20,-94.2334,-92.7065
34.1931,0.129548,0,16.3002,20,-94.2522,-92.7065
34.2933,0.129548,0,16.3002,20,-94.2522,-92.7065
34.3932,0.129548,0,16.3002,20,-94.2522,-92.7065
34.4932,0.129338,0,16.4425,20,-94.2801,-92.7065
34.5932,0.129338,0,16.4425,20,-94.2801,-92.7065
34.6932,0.126655,0,16.5863,20,-94.2743,-92.7065
34.7932,0.126655,0,16.5863,20,-94.2743,-92.7065
34.8932,0.122907,0,16.7298,20,-94.2459,-92.7065
34.9932,0.122907,0,16.7298,20,-94.2459,-92.7065
35.0932,0.122907,0,16.7298,20,-94.2459,-92.7065
35.1932,0.119212,0,16.8732,20,-94.2186,-92.7065
35.2932,0.119212,0,16.8732,20,-94.2186,-92.7065
35.3932,0.116474,0,17.0164,20,-94.2182,-92.7065
35.4932,0.116474,0,17.0164,20,-94.2182,-92.7065
35.5932,0.116474,0,17.0164,20,-94.2182,-92.7065
35.6932,0.11495,0,17.1604,20,-94.2574,-92.7065
35.7931,0.11495,0,17.1604,20,-94.2574,-92.7065
35.8932,0.111492,0,17.3055,20,-94.2665,-92.7065
35.9932,0.111492,0,17.3055,20,-94.2665,-92.7065
36.0931,0.10781,0,17.4496,20,-94.2754,-92.7065
36.1931,0.10781,0,17.4496,20,-94.2754,-92.7065
36.2932,0.10781,0,17.4496,20,-94.2754,-92.7065
36.3931,0.10523,0,17.5933,20,-94.3088,-92.7065
36.4931,0.10523,0,17.5933,20,-94.3088,-92.7065
36.5931,0.103088,0,17.737,20,-94.3536,-92.7065
36.6932,0.103088,0,17.737,20,-94.3536,-92.7065
36.7932,0.103088,0,17.737,20,-94.3536,-92.7065
36.8932,0.101296,0,17.8786,20,-94.4209,-92.7065
36.9932,0.101296,0,17.8786,20,-94.4209,-92.7065
37.0932,0.0959145,0,18.0237,20,-94.4091,-92.7065
37.1932,0.0959145,0,18.0237,20,-94.4091,-92.7065
37.2931,0.0914516,0,18.1691,20,-94.4263,-92.7065
37.3932,0.0914516,0,18.1691,20,-94.4263,-92.7065
37.4932,0.0914516,0,18.1691,20,-94.4263,-92.7065
37.5932,0.0892236,0,18.3145,20,-94.5185,-92.7065
37.6932,0.0892236,0,18.3145,20,-94.5185,-92.7065
37.7933,0.0874887,0,18.4579,20,-94.6509,-92.7065
37.8932,0.0874887,0,18.4579,20,-94.6509,-92.7065
37.9931,0.0874887,0,18.4579,20,-94.6509,-92.7065
38.0932,0.0860675,0,18.5996,20,-94.8329,-92.7065
38.1932,0.0860675,0,18.5996,20,-94.8329,-92.7065
38.2932,0.0835076,0,18.7445,20,-95.0309,-92.7065
38.3932,0.0835076,0,18.7445,20,-95.0309,-92.7065
38.4932,0.0835076,0,18.7445,20,-95.0309,-92.7065
38.5932,0.0808912,0,18.8892,20,-95.2791,-92.7065
38.6932,0.0808912,0,18.8892,20,-95.2791,-92.7065
38.7931,0.0772939,0,19.0326,20,-95.5395,-92.7065
38.8932,0.0772939,0,19.0326,20,-95.5395,-92.7065
38.9931,0.073493,0,19.1738,20,-95.8739,-92.7065
39.0932,0.073493,0,19.1738,20,-95.8739,-92.7065
39.1932,0.073493,0,19.1738,20,-95.8739,-92.7065
39.2931,0.0706235,0,19.3089,20,-96.3977,-92.7065
39.2931,0.0706235,0,19.3089,20,-96.3977,-92.7065
39.393,0.0706235,0,19.3089,20,-96.3977,-92.7065
39.4931,0.0662204,0,19.4308,20,-96.3977,-92.7065
39.593,0.0662204,0,19.4308,20,-96.3977,-92.7065
39.6929,0.0627573,0,19.5359,0,-84.2952,92.7604
39.993,0.0606827,0,19.6146,0,-84.0663,92.7604
40.093,0.0606827,0,19.6146,0,-84.0663,92.7604
40.193,0.0613993,0,19.6482,0,-84.1151,92.7604
40.2931,0.0613993,0,19.6482,0,-84.1151,92.7604
40.3951,0.0613993,0,19.6482,0,-84.1151,92.7604
40.493,0.064379,0,19.6534,0,-83.8878,92.7604
40.593,0.064379,0,19.6534,0,-83.8878,92.7604
40.693,0.0681688,0,19.6528,0,-79.8938,92.7604
40.793,0.0681688,0,19.6528,0,-79.8938,92.7604
40.893,0.0681688,0,19.6528,0,-79.8938,92.7604
40.993,0.0747032,0,19.6408,0,-70.7034,92.7604
41.0931,0.0747032,0,19.6408,0,-70.7034,92.7604
41.1931,0.0815049,0,19.6169,0,-58.7024,92.7604
41.2931,0.0815049,0,19.6169,0,-58.7024,92.7604
41.3929,0.0876695,0,19.5856,0,-46.7318,92.7604
41.493,0.0876695,0,19.5856,0,-46.7318,92.7604
41.5931,0.0876695,0,19.5856,0,-46.7318,92.7604
41.6931,0.09068,0,19.5514,0,-36.6861,92.7604
41.793,0.09068,0,19.5514,0,-36.6861,92.7604
41.893,0.0889851,0,19.52,0,-28.8167,92.7604
41.993,0.0889851,0,19.52,0,-28.8167,92.7604
42.0931,0.0889851,0,19.52,0,-28.8167,92.7604
42.1931,0.0873154,0,19.4898,0,-22.0561,92.7604
42.293,0.0873154,0,19.4898,0,-22.0561,92.7604
42.393,0.0853331,0,19.4614,0,-15.2421,92.7604
42.493,0.0853331,0,19.4614,0,-15.2421,92.7604
42.593,0.0833609,0,19.4376,0,-7.6277,92.7604
42.693,0.0833609,0,19.4376,0,-7.6277,92.7604
42.793,0.0833609,0,19.4376,0,-7.6277,92.7604
42.893,0.0807317,0,19.419,0,0.812341,92.7604
42.993,0.0807317,0,19.419,0,0.812341,92.7604
43.093,0.0732313,0,19.406,0,9.66526,92.7604
43.193,0.0732313,0,19.406,0,9.66526,92.7604
43.293,0.0732313,0,19.406,0,9.66526,92.7604
43.393,0.0670093,0,19.3958,0,18.4441,92.7604
43.493,0.0670093,0,19.3958,0,18.4441,92.7604
43.593,0.0613162,0,19.3886,0,26.9388,92.7604
43.693,0.0613162,0,19.3886,0,26.9388,92.7604
43.793,0.0550768,0,19.3842,0,35.1316,92.7604
43.893,0.0550768,0,19.3842,0,35.1316,92.7604
43.993,0.0550768,0,19.3842,0,35.1316,92.7604
44.093,0.0493606,0,19.3805,0,43.0606,92.7604
44.193,0.0493606,0,19.3805,0,43.0606,92.7604
44.293,0.0413082,0,19.3807,0,50.5474,92.7604
44.393,0.0413082,0,19.3807,0,50.5474,92.7604
44.493,0.0413082,0,19.3807,0,50.5474,92.7604
44.593,0.036568,0,19.3808,0,57.4999,92.7604
44.693,0.036568,0,19.3808,0,57.4999,92.7604
44.793,0.0341074,0,19.38,0,63.9489,92.7604
44.893,0.0341074,0,19.38,0,63.9489,92.7604
44.993,0.0330495,0,19.3791,0,69.2558,92.7604
45.093,0.0330495,0,19.3791,0,69.2558,92.7604
45.193,0.0330495,0,19.3791,0,69.2558,92.7604
45.293,0.0341541,0,19.3782,0,73.4929,92.7604
45.393,0.0341541,0,19.3782,0,73.4929,92.7604
45.493,0.0324931,0,19.3775,0,76.4682,92.7604
45.593,0.0324931,0,19.3775,0,76.4682,92.7604
45.6931,0.0324931,0,19.3775,0,76.4682,92.7604
45.793,0.0320577,0,19.3744,0,78.44,92.7604
45.893,0.0320577,0,19.3744,0,78.44,92.7604
45.993,0.0330996,0,19.3695,0,80.0169,92.7604
46.093,0.0330996,0,19.3695,0,80.0169,92.7604
46.193,0.0349864,0,19.3649,0,81.4695,92.7604
46.2931,0.0349864,0,19.3649,0,81.4695,92.7604
46.393,0.0349864,0,19.3649,0,81.4695,92.7604
46.493,0.0391901,0,19.3604,0,83.0734,92.7604
46.593,0.0391901,0,19.3604,0,83.0734,92.7604
46.693,0.0427966,0,19.3553,0,84.7176,92.7604
46.7931,0.0427966,0,19.3553,0,84.7176,92.7604
46.893,0.0427966,0,19.3553,0,84.7176,92.7604
46.993,0.0477479,0,19.3492,0,86.2584,92.7604
47.093,0.0477479,0,19.3492,0,86.2584,92.7604
47.193,0.0553803,0,19.3411,0,87.5888,92.7604
47.293,0.0553803,0,19.3411,0,87.5888,92.7604
47.3929,0.0646036,0,19.332,0,88.5661,92.7604
47.493,0.0646036,0,19.332,0,88.5661,92.7604
47.593,0.0646036,0,19.332,0,88.5661,92.7604
47.693,0.0756299,0,19.3235,0,89.265,92.7604
47.7931,0.0756299,0,19.3235,0,89.265,92.7604
47.893,0.0856421,0,19.3097,0,89.6945,92.7604
47.9929,0.0856421,0,19.3097,0,89.6945,92.7604
48.093,0.0856421,0,19.3097,0,89.6945,92.7604
48.193,0.0942625,0,19.2658,0,90.0267,92.7604
48.293,0.0942625,0,19.2658,0,90.0267,92.7604
48.393,0.100216,0,19.1725,0,90.4653,92.7604
48.493,0.100216,0,19.1725,0,90.4653,92.7604
48.593,0.105157,0,19.0399,0,90.8284,92.7604
48.693,0.105157,0,19.0399,0,90.8284,92.7604
48.7931,0.105157,0,19.0399,0,90.8284,92.7604
48.893,0.112783,0,18.8937,0,91.1129,92.7604
48.993,0.112783,0,18.8937,0,91.1129,92.7604
49.093,0.120372,0,18.7364,0,91.4529,92.7604
49.193,0.120372,0,18.7364,0,91.4529,92.7604
49.2931,0.120372,0,18.7364,0,91.4529,92.7604
49.393,0.12646,0,18.5664,0,91.7349,92.7604
49.493,0.12646,0,18.5664,0,91.7349,92.7604
49.593,0.131781,0,18.3862,0,91.9355,92.7604
49.693,0.131781,0,18.3862,0,91.9355,92.7604
49.7929,0.136219,0,18.2016,0,92.0562,92.7604
49.893,0.136219,0,18.2016,0,92.0562,92.7604
49.993,0.136219,0,18.2016,0,92.0562,92.7604
50.0931,0.140754,0,18.018,0,92.1444,92.7604
50.193,0.140754,0,18.018,0,92.1444,92.7604
50.293,0.146221,0,17.8345,0,92.2267,92.7604
50.393,0.146221,0,17.8345,0,92.2267,92.7604
50.493,0.146221,0,17.8345,0,92.2267,92.7604
50.593,0.152125,0,17.655,0,92.3161,92.7604
50.6931,0.152125,0,17.655,0,92.3161,92.7604
50.793,0.156971,0,17.4808,0,92.4159,92.7604
50.8931,0.156971,0,17.4808,0,92.4159,92.7604
50.9929,0.160084,0,17.312,0,92.5137,92.7604
51.0931,0.160084,0,17.312,0,92.5137,92.7604
51.1931,0.160084,0,17.312,0,92.5137,92.7604
51.293,0.16206,0,17.1497,0,92.6011,92.7604
51.393,0.16206,0,17.1497,0,92.6011,92.7604
51.4929,0.164698,0,16.9894,0,92.6635,92.7604
51.593,0.164698,0,16.9894,0,92.6635,92.7604
51.6931,0.164698,0,16.9894,0,92.6635,92.7604
51.7931,0.167466,0,16.8329,0,92.7052,92.7604
51.8931,0.167466,0,16.8329,0,92.7052,92.7604
51.993,0.169841,0,16.6815,0,92.7246,92.7604
52.0931,0.169841,0,16.6815,0,92.7246,92.7604
52.193,0.171348,0,16.5338,0,92.7345,92.7604
52.2932,0.171348,0,16.5338,0,92.7345,92.7604
52.3931,0.171348,0,16.5338,0,92.7345,92.7604
52.4931,0.171804,0,16.3898,0,92.7485,92.7604
52.5931,0.171804,0,16.3898,0,92.7485,92.7604
52.693,0.172575,0,16.2454,0,92.7667,92.7604
52.7931,0.172575,0,16.2454,0,92.7667,92.7604
52.893,0.172575,0,16.2454,0,92.7667,92.7604
52.993,0.172517,0,16.104,0,92.7914,92.7604
53.0931,0.172517,0,16.104,0,92.7914,92.7604
53.193,0.173748,0,15.9626,0,92.8191,92.7604
53.2931,0.173748,0,15.9626,0,92.8191,92.7604
53.393,0.175257,0,15.8223,0,92.8418,92.7604
53.4931,0.175257,0,15.8223,0,92.8418,92.7604
53.593,0.175257,0,15.8223,0,92.8418,92.7604
53.693,0.175839,0,15.6824,0,92.8609,92.7604
53.7931,0.175839,0,15.6824,0,92.8609,92.7604
53.893,0.176539,0,15.5387,0,92.8674,92.7604
53.9931,0.176539,0,15.5387,0,92.8674,92.7604
54.0931,0.176539,0,15.5387,0,92.8674,92.7604
54.193,0.176341,0,15.3957,0,92.8586,92.7604
54.293,0.176341,0,15.3957,0,92.8586,92.7604
54.3931,0.175928,0,15.2537,0,92.8488,92.7604
54.493,0.175928,0,15.2537,0,92.8488,92.7604
54.5929,0.17547,0,15.1129,0,92.8452,92.7604
54.693,0.17547,0,15.1129,0,92.8452,92.7604
54.793,0.17547,0,15.1129,0,92.8452,92.7604
54.893,0.17375,0,14.973,0,92.8437,92.7604
54.993,0.17375,0,14.973,0,92.8437,92.7604
55.093,0.172437,0,14.8283,0,92.8498,92.7604
55.193,0.172437,0,14.8283,0,92.8498,92.7604
55.293,0.172437,0,14.8283,0,92.8498,92.7604
55.393,0.170951,0,14.6841,0,92.8585,92.7604
55.493,0.170951,0,14.6841,0,92.8585,92.7604
55.593,0.169563,0,14.5413,0,92.8616,92.7604
55.693,0.169563,0,14.5413,0,92.8616,92.7604
55.7929,0.168085,0,14.3988,0,92.8564,92.7604
55.893,0.168085,0,14.3988,0,92.8564,92.7604
55.993,0.168085,0,14.3988,0,92.8564,92.7604
56.0931,0.167244,0,14.2575,0,92.849,92.7604
56.193,0.167244,0,14.2575,0,92.849,92.7604
56.293,0.167244,0,14.2575,0,92.849,92.7604
56.393,0.16902,0,14.1126,0,92.8557,92.7604
56.493,0.16902,0,14.1126,0,92.8557,92.7604
56.5931,0.170308,0,13.9683,0,92.8668,92.7604
56.693,0.170308,0,13.9683,0,92.8668,92.7604
56.793,0.170338,0,13.826,0,92.8748,92.7604
56.893,0.170338,0,13.826,0,92.8748,92.7604
56.993,0.170338,0,13.826,0,92.8748,92.7604
57.093,0.169718,0,13.6843,0,92.8817,92.7604
57.193,0.169718,0,13.6843,0,92.8817,92.7604
57.293,0.16801,0,13.543,0,92.88,92.7604
57.393,0.16801,0,13.543,0,92.88,92.7604
57.493,0.16801,0,13.543,0,92.88,92.7604
57.593,0.168568,0,13.399,0,92.8843,92.7604
57.693,0.168568,0,13.399,0,92.8843,92.7604
57.793,0.170044,0,13.2554,0,92.8861,92.7604
57.893,0.170044,0,13.2554,0,92.8861,92.7604
57.993,0.170693,0,13.1108,0,92.8885,92.7604
58.093,0.170693,0,13.1108,0,92.8885,92.7604
58.1929,0.171357,0,12.9672,0,92.8948,92.7604
58.293,0.171357,0,12.9672,0,92.8948,92.7604
58.3931,0.171357,0,12.9672,0,92.8948,92.7604
58.493,0.170727,0,12.8234,0,92.8943,92.7604
58.5931,0.170727,0,12.8234,0,92.8943,92.7604
58.6929,0.17093,0,12.6772,0,92.8995,92.7604
58.793,0.17093,0,12.6772,0,92.8995,92.7604
58.893,0.17093,0,12.6772,0,92.8995,92.7604
58.993,0.169842,0,12.5329,0,92.8981,92.7604
59.0931,0.169842,0,12.5329,0,92.8981,92.7604
59.193,0.167131,0,12.3897,0,92.8864,92.7604
59.293,0.167131,0,12.3897,0,92.8864,92.7604
59.3929,0.163121,0,12.2466,0,92.8683,92.7604
59.493,0.163121,0,12.2466,0,92.8683,92.7604
59.5931,0.163121,0,12.2466,0,92.8683,92.7604
59.693,0.15937,0,12.1047,0,92.8511,92.7604
59.793,0.15937,0,12.1047,0,92.8511,92.7604
59.893,0.15937,0,12.1047,0,92.8511,92.7604
59.9931,0.157733,0,11.9609,0,92.8431,92.7604
60.093,0.157733,0,11.9609,0,92.8431,92.7604
60.193,0.155747,0,11.817,0,92.8399,92.7604
60.293,0.155747,0,11.817,0,92.8399,92.7604
60.393,0.154269,0,11.6729,0,92.8445,92.7604
60.493,0.154269,0,11.6729,0,92.8445,92.7604
60.593,0.154269,0,11.6729,0,92.8445,92.7604
60.693,0.152579,0,11.5291,0,92.8529,92.7604
60.793,0.152579,0,11.5291,0,92.8529,92.7604
60.893,0.149406,0,11.3857,0,92.8513,92.7604
60.993,0.149406,0,11.3857,0,92.8513,92.7604
61.093,0.149081,0,11.2377,0,92.862,92.7604
61.193,0.149081,0,11.2377,0,92.862,92.7604
61.2931,0.149081,0,11.2377,0,92.862,92.7604
61.393,0.147292,0,11.0923,0,92.8601,92.7604
61.493,0.147292,0,11.0923,0,92.8601,92.7604
61.593,0.146241,0,10.9485,0,92.8613,92.7604
61.6929,0.146241,0,10.9485,0,92.8613,92.7604
61.7929,0.144307,0,10.8053,0,92.8542,92.7604
61.893,0.144307,0,10.8053,0,92.8542,92.7604
61.9931,0.144307,0,10.8053,0,92.8542,92.7604
62.093,0.142372,0,10.6623,0,92.8475,92.7604
62.193,0.142372,0,10.6623,0,92.8475,92.7604
62.293,0.142974,0,10.516,0,92.857,92.7604
62.393,0.142974,0,10.516,0,92.857,92.7604
62.493,0.142974,0,10.516,0,92.857,92.7604
62.593,0.142498,0,10.3691,0,92.8656,92.7604
62.693,0.142498,0,10.3691,0,92.8656,92.7604
62.793,0.141776,0,10.2244,0,92.8771,92.7604
62.893,0.141776,0,10.2244,0,92.8771,92.7604
62.993,0.141776,0,10.2244,0,92.8771,92.7604
63.093,0.140268,0,10.0826,0,92.8826,92.7604
63.193,0.140268,0,10.0826,0,92.8826,92.7604
63.293,0.138263,0,9.94053,0,92.8808,92.7604
63.393,0.138263,0,9.94053,0,92.8808,92.7604
63.4929,0.138263,0,9.94053,0,92.8808,92.7604
63.593,0.138736,0,9.79533,0,92.8867,92.7604
63.693,0.138736,0,9.79533,0,92.8867,92.7604
63.793,0.139001,0,9.65085,0,92.8915,92.7604
63.893,0.139001,0,9.65085,0,92.8915,92.7604
63.993,0.139044,0,9.50888,0,92.8989,92.7604
64.093,0.139044,0,9.50888,0,92.8989,92.7604
64.193,0.137451,0,9.36582,0,92.9002,92.7604
64.2929,0.137451,0,9.36582,0,92.9002,92.7604
64.3931,0.137451,0,9.36582,0,92.9002,92.7604
64.493,0.135486,0,9.22307,0,92.8923,92.7604
64.593,0.135486,0,9.22307,0,92.8923,92.7604
64.6929,0.135189,0,9.07637,0,92.8918,92.7604
64.793,0.135189,0,9.07637,0,92.8918,92.7604
64.893,0.135189,0,9.07637,0,92.8918,92.7604
64.993,0.134617,0,8.93054,0,92.8897,92.7604
65.093,0.134617,0,8.93054,0,92.8897,92.7604
65.1931,0.132775,0,8.78586,0,92.8869,92.7604
65.293,0.132775,0,8.78586,0,92.8869,92.7604
65.393,0.132775,0,8.78586,0,92.8869,92.7604
65.493,0.130445,0,8.64213,0,92.8897,92.7604
65.593,0.130445,0,8.64213,0,92.8897,92.7604
65.693,0.128398,0,8.49866,0,92.888,92.7604
65.793,0.128398,0,8.49866,0,92.888,92.7604
65.893,0.128398,0,8.49866,0,92.888,92.7604
65.993,0.128842,0,8.35412,0,92.8975,92.7604
66.093,0.128842,0,8.35412,0,92.8975,92.7604
66.1931,0.127985,0,8.21102,0,92.9007,92.7604
66.293,0.127985,0,8.21102,0,92.9007,92.7604
66.393,0.126304,0,8.06726,0,92.8992,92.7604
66.493,0.126304,0,8.06726,0,92.8992,92.7604
66.593,0.126304,0,8.06726,0,92.8992,92.7604
66.693,0.122561,0,7.92313,0,92.8789,92.7604
66.793,0.122561,0,7.92313,0,92.8789,92.7604
66.893,0.119173,0,7.77858,0,92.8578,92.7604
66.9931,0.119173,0,7.77858,0,92.8578,92.7604
67.093,0.118429,0,7.63134,0,92.8635,92.7604
67.193,0.118429,0,7.63134,0,92.8635,92.7604
67.293,0.118429,0,7.63134,0,92.8635,92.7604
67.393,0.116212,0,7.48606,0,92.8631,92.7604
67.493,0.116212,0,7.48606,0,92.8631,92.7604
67.593,0.112716,0,7.34188,0,92.861,92.7604
67.693,0.112716,0,7.34188,0,92.861,92.7604
67.793,0.112716,0,7.34188,0,92.861,92.7604
67.893,0.109517,0,7.19776,0,92.8567,92.7604
67.993,0.109517,0,7.19776,0,92.8567,92.7604
68.093,0.107063,0,7.05481,0,92.8521,92.7604
68.193,0.107063,0,7.05481,0,92.8521,92.7604
68.293,0.107063,0,7.05481,0,92.8521,92.7604
68.3931,0.106956,0,6.90885,0,92.8619,92.7604
68.493,0.106956,0,6.90885,0,92.8619,92.7604
68.5931,0.105763,0,6.76255,0,92.8643,92.7604
68.6931,0.105763,0,6.76255,0,92.8643,92.7604
68.7929,0.104296,0,6.61695,0,92.8649,92.7604
68.893,0.104296,0,6.61695,0,92.8649,92.7604
68.993,0.104296,0,6.61695,0,92.8649,92.7604
69.093,0.10169,0,6.47328,0,92.8615,92.7604
69.193,0.10169,0,6.47328,0,92.8615,92.7604
69.293,0.0979038,0,6.33094,0,92.8514,92.7604
69.393,0.0979038,0,6.33094,0,92.8514,92.7604
69.4929,0.0960451,0,6.18552,0,92.8578,92.7604
69.593,0.0960451,0,6.18552,0,92.8578,92.7604
69.6931,0.0960451,0,6.18552,0,92.8578,92.7604
69.793,0.0935584,0,6.04045,0,92.8524,92.7604
69.893,0.0935584,0,6.04045,0,92.8524,92.7604
69.993,0.0900218,0,5.89696,0,92.8398,92.7604
70.093,0.0900218,0,5.89696,0,92.8398,92.7604
70.193,0.0900218,0,5.89696,0,92.8398,92.7604
70.293,0.0867863,0,5.75516,0,92.8304,92.7604
70.3931,0.0867863,0,5.75516,0,92.8304,92.7604
70.493,0.082565,0,5.61318,0,92.8091,92.7604
70.593,0.082565,0,5.61318,0,92.8091,92.7604
70.693,0.082565,0,5.61318,0,92.8091,92.7604
70.793,0.0813434,0,5.46775,0,92.8181,92.7604
70.8931,0.0813434,0,5.46775,0,92.8181,92.7604
70.993,0.0810273,0,5.3225,0,92.8346,92.7604
71.093,0.0810273,0,5.3225,0,92.8346,92.7604
71.193,0.0808345,0,5.17886,0,92.8563,92.7604
71.293,0.0808345,0,5.17886,0,92.8563,92.7604
71.393,0.0808345,0,5.17886,0,92.8563,92.7604
71.493,0.0794621,0,5.03661,0,92.8749,92.7604
71.5931,0.0794621,0,5.03661,0,92.8749,92.7604
71.693,0.0762969,0,4.8953,0,92.8744,92.7604
71.793,0.0762969,0,4.8953,0,92.8744,92.7604
71.893,0.0755744,0,4.74981,0,92.8931,92.7604
71.993,0.0755744,0,4.74981,0,92.8931,92.7604
72.093,0.0755744,0,4.74981,0,92.8931,92.7604
72.193,0.0752316,0,4.60609,0,92.9117,92.7604
72.293,0.0752316,0,4.60609,0,92.9117,92.7604
72.393,0.0740847,0,4.46313,0,92.9166,92.7604
72.4931,0.0740847,0,4.46313,0,92.9166,92.7604
72.593,0.0740847,0,4.46313,0,92.9166,92.7604
72.693,0.0702868,0,4.32046,0,92.8852,92.7604
72.793,0.0702868,0,4.32046,0,92.8852,92.7604
72.893,0.066416,0,4.1791,0,92.8487,92.7604
72.9931,0.066416,0,4.1791,0,92.8487,92.7604
73.093,0.066416,0,4.1791,0,92.8487,92.7604
73.193,0.0647026,0,4.03429,0,92.8457,92.7604
73.2931,0.0647026,0,4.03429,0,92.8457,92.7604
73.393,0.0624482,0,3.89015,0,92.8452,92.7604
73.4931,0.0624482,0,3.89015,0,92.8452,92.7604
73.593,0.0603205,0,3.74434,0,92.8578,92.7604
73.693,0.0603205,0,3.74434,0,92.8578,92.7604
73.793,0.0603205,0,3.74434,0,92.8578,92.7604
73.893,0.0567424,0,3.59937,0,92.847,92.7604
73.993,0.0567424,0,3.59937,0,92.847,92.7604
74.093,0.054085,0,3.45542,0,92.8482,92.7604
74.1931,0.054085,0,3.45542,0,92.8482,92.7604
74.293,0.054085,0,3.45542,0,92.8482,92.7604
74.393,0.0537823,0,3.30844,0,92.8836,92.7604
74.493,0.0537823,0,3.30844,0,92.8836,92.7604
74.5931,0.0514764,0,3.16223,0,92.8773,92.7604
74.693,0.0514764,0,3.16223,0,92.8773,92.7604
74.793,0.0479796,0,3.0173,0,92.8465,92.7604
74.893,0.0479796,0,3.0173,0,92.8465,92.7604
74.993,0.0479796,0,3.0173,0,92.8465,92.7604
75.0931,0.0442087,0,2.87303,0,92.8125,92.7604
75.1931,0.0442087,0,2.87303,0,92.8125,92.7604
75.293,0.0403111,0,2.72959,0,92.7745,92.7604
75.393,0.0403111,0,2.72959,0,92.7745,92.7604
75.493,0.0403111,0,2.72959,0,92.7745,92.7604
75.593,0.0393963,0,2.58407,0,92.8039,92.7604
75.693,0.0393963,0,2.58407,0,92.8039,92.7604
75.793,0.0379207,0,2.44025,0,92.8295,92.7604
75.893,0.0379207,0,2.44025,0,92.8295,92.7604
75.993,0.0364765,0,2.2968,0,92.8659,92.7604
76.093,0.0364765,0,2.2968,0,92.8659,92.7604
76.193,0.0364765,0,2.2968,0,92.8659,92.7604
76.293,0.034997,0,2.15411,0,92.8972,92.7604
76.393,0.034997,0,2.15411,0,92.8972,92.7604
76.493,0.0331992,0,2.01383,0,92.9126,92.7604
76.593,0.0331992,0,2.01383,0,92.9126,92.7604
76.693,0.0331992,0,2.01383,0,92.9126,92.7604
76.793,0.0339138,0,1.86951,0,93.0008,92.7604
76.893,0.0339138,0,1.86951,0,93.0008,92.7604
76.993,0.0342312,0,1.72575,0,93.0842,92.7604
77.093,0.0342312,0,1.72575,0,93.0842,92.7604
77.193,0.033658,0,1.58154,0,93.1523,92.7604
77.293,0.033658,0,1.58154,0,93.1523,92.7604
77.393,0.033658,0,1.58154,0,93.1523,92.7604
77.493,0.0328015,0,1.43764,0,93.2225,92.7604
77.5931,0.0328015,0,1.43764,0,93.2225,92.7604
77.693,0.0318528,0,1.2938,0,93.2918,92.7604
77.793,0.0318528,0,1.2938,0,93.2918,92.7604
77.893,0.0318528,0,1.2938,0,93.2918,92.7604
77.993,0.032915,0,1.14741,0,93.4678,92.7604
78.093,0.032915,0,1.14741,0,93.4678,92.7604
78.193,0.0321478,0,1.00226,0,93.595,92.7604
78.293,0.0321478,0,1.00226,0,93.595,92.7604
78.393,0.030703,0,0.859352,0,93.7295,92.7604
78.493,0.030703,0,0.859352,0,93.7295,92.7604
78.593,0.030703,0,0.859352,0,93.7295,92.7604
78.693,0.0281599,0,0.720492,0,93.8283,92.7604
78.693,0.0281599,0,0.720492,0,93.8283,92.7604
78.7929,0.0281599,0,0.720492,0,93.8283,92.7604
78.893,0.0246233,0,0.594969,0,93.8283,92.7604
78.9929,0.0246233,0,0.594969,0,93.8283,92.7604
79.0928,0.0220478,0,0.483158,0,93.9425,92.7604
79.393,0.019223,0,0.396759,0,94.0014,92.7604
79.493,0.019223,0,0.396759,0,94.0014,92.7604
79.5929,0.0163986,0,0.355949,0,93.9283,92.7604
79.693,0.0163986,0,0.355949,0,93.9283,92.7604
79.7929,0.0163986,0,0.355949,0,93.9283,92.7604
79.893,0.0132465,0,0.34822,0,93.5215,92.7604
79.9929,0.0132465,0,0.34822,0,93.5215,92.7604
80.0929,0.00880959,0,0.351932,0,92.7949,92.7604
80.193,0.00880959,0,0.351932,0,92.7949,92.7604
80.293,0.00880959,0,0.351932,0,92.7949,92.7604
80.393,0.00783357,0,0.361044,0,92.6253,92.7604
80.4929,0.00783357,0,0.361044,0,92.6253,92.7604
80.5929,0.0071127,0,0.382416,0,92.4415,92.7604
80.6929,0.0071127,0,0.382416,0,92.4415,92.7604
80.7929,0.00623854,0,0.411838,0,92.2091,92.7604
80.8929,0.00623854,0,0.411838,0,92.2091,92.7604
80.9929,0.00623854,0,0.411838,0,92.2091,92.7604
81.093,0.00564944,0,0.444577,0,92.0354,92.7604
81.1929,0.00564944,0,0.444577,0,92.0354,92.7604
81.2929,0.00540703,0,0.477003,0,91.9444,92.7604
81.3929,0.00540703,0,0.477003,0,91.9444,92.7604
81.4929,0.00779397,0,0.505408,0,92.18,92.7604
81.593,0.00779397,0,0.505408,0,92.18,92.7604
81.6929,0.00779397,0,0.505408,0,92.18,92.7604
81.793,0.00908015,0,0.531988,0,92.2811,92.7604
81.8929,0.00908015,0,0.531988,0,92.2811,92.7604
81.9929,0.00917897,0,0.554455,0,92.2589,92.7604
82.093,0.00917897,0,0.554455,0,92.2589,92.7604
82.1929,0.00917897,0,0.554455,0,92.2589,92.7604
82.293,0.0100301,0,0.573594,0,92.3184,92.7604
82.393,0.0100301,0,0.573594,0,92.3184,92.7604
82.4929,0.0109462,0,0.589175,0,92.3788,92.7604
82.593,0.0109462,0,0.589175,0,92.3788,92.7604
82.693,0.0109462,0,0.589175,0,92.3788,92.7604
82.793,0.0138741,0,0.598046,0,92.6419,92.7604
82.8929,0.0138741,0,0.598046,0,92.6419,92.7604
82.9929,0.0152508,0,0.603141,0,92.7594,92.7604
83.093,0.0152508,0,0.603141,0,92.7594,92.7604
83.1929,0.0155706,0,0.605445,0,92.7848,92.7604
83.293,0.0155706,0,0.605445,0,92.7848,92.7604
83.3929,0.0155706,0,0.605445,0,92.7848,92.7604
83.493,0.0157985,0,0.606875,0,92.8049,92.7604
83.593,0.0157985,0,0.606875,0,92.8049,92.7604
83.6929,0.0166143,0,0.606833,0,92.8872,92.7604
83.7929,0.0166143,0,0.606833,0,92.8872,92.7604
83.893,0.0166143,0,0.606833,0,92.8872,92.7604
83.993,0.0204617,0,0.601101,0,93.272,92.7604
84.0929,0.0204617,0,0.601101,0,93.272,92.7604
84.193,0.0234408,0,0.595411,0,93.5769,92.7604
84.293,0.0234408,0,0.595411,0,93.5769,92.7604
