0,0.170713,0,0.412319,5,96.1168,-85.8761
0.395358,0.170713,0,0.412319,5,96.1168,-85.8761
0.495193,0.170713,0,0.412319,5,96.1168,-85.8761
0.595183,0.171502,0,0.412042,5,96.102,-85.8761
0.695192,0.171502,0,0.412042,5,96.102,-85.8761
0.795147,0.171502,0,0.412042,5,96.102,-85.8761
0.895233,0.170878,0,0.41217,5,96.2001,-85.8761
0.995142,0.170878,0,0.41217,5,96.2001,-85.8761
1.09521,0.169653,0,0.412357,5,99.2277,-85.8761
1.19528,0.169653,0,0.412357,5,99.2277,-85.8761
1.29526,0.170367,0,0.41037,5,107.572,-85.8761
1.39525,0.170367,0,0.41037,5,107.572,-85.8761
1.49514,0.170697,0,0.408278,5,119.31,-85.8761
1.59519,0.170697,0,0.408278,5,119.31,-85.8761
1.69525,0.170697,0,0.408278,5,119.31,-85.8761
1.79518,0.170817,0,0.407861,5,131.412,-85.8761
1.89525,0.170817,0,0.407861,5,131.412,-85.8761
1.99517,0.170817,0,0.407861,5,131.412,-85.8761
2.09524,0.171213,0,0.407703,5,141.835,-85.8761
2.19522,0.171213,0,0.407703,5,141.835,-85.8761
2.29518,0.170892,0,0.408016,5,150.062,-85.8761
2.39525,0.170892,0,0.408016,5,150.062,-85.8761
2.49514,0.171328,0,0.407017,5,156.942,-85.8761
2.59521,0.171328,0,0.407017,5,156.942,-85.8761
2.69524,0.171328,0,0.407017,5,156.942,-85.8761
2.7952,0.171322,0,0.406383,5,163.696,-85.8761
2.89522,0.171322,0,0.406383,5,163.696,-85.8761
2.99521,0.170737,0,0.406982,5,171.148,-85.8761
3.09525,0.170737,0,0.406982,5,171.148,-85.8761
3.1953,0.170737,0,0.406982,5,171.148,-85.8761
3.2952,0.169885,0,0.409528,5,179.425,-85.8761
3.3952,0.169885,0,0.409528,5,179.425,-85.8761
3.49518,0.168859,0,0.412775,5,-171.748,-85.8761
3.5952,0.168859,0,0.412775,5,-171.748,-85.8761
3.69513,0.169095,0,0.414834,5,-162.86,-85.8761
3.7952,0.169095,0,0.414834,5,-162.86,-85.8761
3.89523,0.169095,0,0.414834,5,-162.86,-85.8761
3.9952,0.17001,0,0.417709,5,-154.295,-85.8761
4.09525,0.17001,0,0.417709,5,-154.295,-85.8761
4.19514,0.170247,0,0.422355,5,-146.035,-85.8761
4.29524,0.170247,0,0.422355,5,-146.035,-85.8761
4.39525,0.170247,0,0.422355,5,-146.035,-85.8761
4.49518,0.169195,0,0.428586,5,-137.995,-85.8761
4.59525,0.169195,0,0.428586,5,-137.995,-85.8761
4.69524,0.16811,0,0.433825,5,-130.223,-85.8761
4.79523,0.16811,0,0.433825,5,-130.223,-85.8761
4.89519,0.167912,0,0.438805,5,-122.888,-85.8761
4.99523,0.167912,0,0.438805,5,-122.888,-85.8761
5.09522,0.167912,0,0.438805,5,-122.888,-85.8761
5.1952,0.167724,0,0.444594,5,-115.915,-85.8761
5.29522,0.167724,0,0.444594,5,-115.915,-85.8761
5.39514,0.166241,0,0.451094,5,-110.061,-85.8761
5.49525,0.166241,0,0.451094,5,-110.061,-85.8761
5.59519,0.166241,0,0.451094,5,-110.061,-85.8761
5.69525,0.163049,0,0.45862,5,-105.611,-85.8761
5.79521,0.163049,0,0.45862,5,-105.611,-85.8761
5.89518,0.158772,0,0.466303,5,-102.296,-85.8761
5.99525,0.158772,0,0.466303,5,-102.296,-85.8761
6.09517,0.155761,0,0.472985,5,-100.025,-85.8761
6.19524,0.155761,0,0.472985,5,-100.025,-85.8761
6.29522,0.155761,0,0.472985,5,-100.025,-85.8761
6.3952,0.150935,0,0.480137,5,-98.1467,-85.8761
6.49526,0.150935,0,0.480137,5,-98.1467,-85.8761
6.59513,0.146224,0,0.487751,5,-96.5002,-85.8761
6.69525,0.146224,0,0.487751,5,-96.5002,-85.8761
6.79524,0.146224,0,0.487751,5,-96.5002,-85.8761
6.89524,0.141752,0,0.495579,5,-94.8769,-85.8761
6.99518,0.141752,0,0.495579,5,-94.8769,-85.8761
7.09517,0.135855,0,0.504021,5,-93.1683,-85.8761
7.19526,0.135855,0,0.504021,5,-93.1683,-85.8761
7.29515,0.129207,0,0.511296,5,-91.5342,-85.8761
7.39524,0.129207,0,0.511296,5,-91.5342,-85.8761
7.49528,0.129207,0,0.511296,5,-91.5342,-85.8761
7.59525,0.122589,0,0.518356,5,-90.0706,-85.8761
7.69528,0.122589,0,0.518356,5,-90.0706,-85.8761
7.79513,0.116758,0,0.524506,5,-88.9717,-85.8761
7.89521,0.116758,0,0.524506,5,-88.9717,-85.8761
7.99527,0.116758,0,0.524506,5,-88.9717,-85.8761
8.09525,0.110072,0,0.53202,5,-88.2369,-85.8761
8.19526,0.110072,0,0.53202,5,-88.2369,-85.8761
8.29525,0.104486,0,0.563414,5,-87.7918,-85.8761
8.39527,0.104486,0,0.563414,5,-87.7918,-85.8761
8.49514,0.0995806,0,0.642075,5,-87.611,-85.8761
8.59522,0.0995806,0,0.642075,5,-87.611,-85.8761
8.69523,0.0995806,0,0.642075,5,-87.611,-85.8761
8.79522,0.0919559,0,0.763705,5,-87.3234,-85.8761
8.89525,0.0919559,0,0.763705,5,-87.3234,-85.8761
8.99516,0.0826102,0,0.905827,5,-86.7857,-85.8761
9.09519,0.0826102,0,0.905827,5,-86.7857,-85.8761
9.19525,0.0826102,0,0.905827,5,-86.7857,-85.8761
9.29524,0.072416,0,1.05824,5,-86.2456,-85.8761
9.39524,0.072416,0,1.05824,5,-86.2456,-85.8761
9.49529,0.0620929,0,1.22406,5,-85.7377,-85.8761
9.59527,0.0620929,0,1.22406,5,-85.7377,-85.8761
9.69514,0.0504726,0,1.40371,5,-85.2794,-85.8761
9.79517,0.0504726,0,1.40371,5,-85.2794,-85.8761
9.89523,0.0504726,0,1.40371,5,-85.2794,-85.8761
9.99524,0.0392448,0,1.58653,5,-84.925,-85.8761
10.0953,0.0392448,0,1.58653,5,-84.925,-85.8761
10.1952,0.0281666,0,1.77046,5,-84.7094,-85.8761
10.2953,0.0281666,0,1.77046,5,-84.7094,-85.8761
10.3952,0.0281666,0,1.77046,5,-84.7094,-85.8761
10.4952,0.0184432,0,1.95165,5,-84.6044,-85.8761
10.5952,0.0184432,0,1.95165,5,-84.6044,-85.8761
10.6952,0.00923415,0,2.12948,5,-84.5253,-85.8761
10.7953,0.00923415,0,2.12948,5,-84.5253,-85.8761
10.8952,0.000161111,0,2.30569,5,-84.4139,-85.8761
10.9952,0.000161111,0,2.30569,5,-84.4139,-85.8761
11.0953,0.000161111,0,2.30569,5,-84.4139,-85.8761
11.1952,-0.00727862,0,2.47541,5,-84.2727,-85.8761
11.2953,-0.00727862,0,2.47541,5,-84.2727,-85.8761
11.3951,-0.0123343,0,2.63874,5,-84.1474,-85.8761
11.4952,-0.0123343,0,2.63874,5,-84.1474,-85.8761
11.5953,-0.0123343,0,2.63874,5,-84.1474,-85.8761
11.6952,-0.0155022,0,2.79637,5,-84.0563,-85.8761
11.7953,-0.0155022,0,2.79637,5,-84.0563,-85.8761
11.8951,-0.0174212,0,2.94982,5,-84.015,-85.8761
11.9953,-0.0174212,0,2.94982,5,-84.015,-85.8761
12.0951,-0.0198907,0,3.10082,5,-83.9849,-85.8761
12.1953,-0.0198907,0,3.10082,5,-83.9849,-85.8761
12.2952,-0.0198907,0,3.10082,5,-83.9849,-85.8761
12.3952,-0.0213537,0,3.24619,5,-83.9965,-85.8761
12.4953,-0.0213537,0,3.24619,5,-83.9965,-85.8761
12.5951,-0.022472,0,3.38689,5,-84.0177,-85.8761
12.6953,-0.022472,0,3.38689,5,-84.0177,-85.8761
12.7953,-0.022472,0,3.38689,5,-84.0177,-85.8761
12.8952,-0.0230552,0,3.52417,5,-84.0369,-85.8761
12.9952,-0.0230552,0,3.52417,5,-84.0369,-85.8761
13.0952,-0.0243743,0,3.66032,5,-83.9822,-85.8761
13.1952,-0.0243743,0,3.66032,5,-83.9822,-85.8761
13.2951,-0.0275525,0,3.79808,5,-83.7874,-85.8761
13.3953,-0.0275525,0,3.79808,5,-83.7874,-85.8761
13.4953,-0.0275525,0,3.79808,5,-83.7874,-85.8761
13.5952,-0.0297763,0,3.93359,5,-83.5725,-85.8761
13.6953,-0.0297763,0,3.93359,5,-83.5725,-85.8761
13.7951,-0.0311976,0,4.06997,5,-83.3385,-85.8761
13.8952,-0.0311976,0,4.06997,5,-83.3385,-85.8761
13.9953,-0.0311976,0,4.06997,5,-83.3385,-85.8761
14.0952,-0.0324142,0,4.20341,5,-83.0533,-85.8761
14.1952,-0.0324142,0,4.20341,5,-83.0533,-85.8761
14.2952,-0.0332285,0,4.32783,5,-82.7053,-85.8761
14.2952,-0.0332285,0,4.32783,5,-82.7053,-85.8761
14.395,-0.0332285,0,4.32783,5,-82.7053,-85.8761
14.495,-0.0332285,0,4.32783,5,-82.7053,-85.8761
14.595,-0.0354588,0,4.44118,5,-82.7053,-85.8761
14.695,-0.0356899,0,4.53806,0,-90.6821,89.8842
14.995,-0.0346096,0,4.60177,0,-90.8713,89.8842
15.0951,-0.0346096,0,4.60177,0,-90.8713,89.8842
15.1951,-0.0346096,0,4.60177,0,-90.8713,89.8842
15.2951,-0.031641,0,4.62101,0,-90.9295,89.8842
15.3951,-0.031641,0,4.62101,0,-90.9295,89.8842
15.4951,-0.0277912,0,4.61801,0,-91.25,89.8842
15.5951,-0.0277912,0,4.61801,0,-91.25,89.8842
15.695,-0.0279104,0,4.60724,0,-95.9557,89.8842
15.795,-0.0279104,0,4.60724,0,-95.9557,89.8842
15.895,-0.0279104,0,4.60724,0,-95.9557,89.8842
15.9951,-0.0273811,0,4.58474,0,-105.692,89.8842
16.0951,-0.0273811,0,4.58474,0,-105.692,89.8842
16.195,-0.0239477,0,4.55195,0,-117.856,89.8842
16.2952,-0.0239477,0,4.55195,0,-117.856,89.8842
16.3951,-0.0239477,0,4.55195,0,-117.856,89.8842
16.4951,-0.0192749,0,4.51413,0,-129.52,89.8842
16.5951,-0.0192749,0,4.51413,0,-129.52,89.8842
16.6951,-0.0145623,0,4.47688,0,-139.161,89.8842
16.7952,-0.0145623,0,4.47688,0,-139.161,89.8842
16.8951,-0.0127827,0,4.44144,0,-146.792,89.8842
16.9951,-0.0127827,0,4.44144,0,-146.792,89.8842
17.0951,-0.0127827,0,4.44144,0,-146.792,89.8842
17.1951,-0.0123835,0,4.40898,0,-153.491,89.8842
17.2952,-0.0123835,0,4.40898,0,-153.491,89.8842
17.3951,-0.0123835,0,4.40898,0,-153.491,89.8842
17.4951,-0.0120798,0,4.38029,0,-160.398,89.8842
17.5952,-0.0120798,0,4.38029,0,-160.398,89.8842
17.6951,-0.0107844,0,4.35665,0,-168.118,89.8842
17.7951,-0.0107844,0,4.35665,0,-168.118,89.8842
17.8951,-0.00934388,0,4.33831,0,-176.592,89.8842
17.9951,-0.00934388,0,4.33831,0,-176.592,89.8842
18.095,-0.0113603,0,4.32548,0,174.492,89.8842
18.1951,-0.0113603,0,4.32548,0,174.492,89.8842
18.2951,-0.0113603,0,4.32548,0,174.492,89.8842
18.3951,-0.0118496,0,4.3187,0,165.659,89.8842
18.4951,-0.0118496,0,4.3187,0,165.659,89.8842
18.595,-0.0114677,0,4.31535,0,157.18,89.8842
18.6951,-0.0114677,0,4.31535,0,157.18,89.8842
18.7951,-0.0114677,0,4.31535,0,157.18,89.8842
18.8951,-0.0121064,0,4.31426,0,149.031,89.8842
18.9951,-0.0121064,0,4.31426,0,149.031,89.8842
19.0951,-0.0124809,0,4.31634,0,141.119,89.8842
19.1951,-0.0124809,0,4.31634,0,141.119,89.8842
19.295,-0.013269,0,4.32019,0,133.49,89.8842
19.3951,-0.013269,0,4.32019,0,133.49,89.8842
19.4951,-0.013269,0,4.32019,0,133.49,89.8842
19.5951,-0.012746,0,4.32581,0,126.183,89.8842
19.6951,-0.012746,0,4.32581,0,126.183,89.8842
19.795,-0.0110747,0,4.33304,0,119.704,89.8842
19.8951,-0.0110747,0,4.33304,0,119.704,89.8842
19.9951,-0.0110747,0,4.33304,0,119.704,89.8842
20.0951,-0.00758961,0,4.33985,0,114.481,89.8842
20.1951,-0.00758961,0,4.33985,0,114.481,89.8842
20.295,-0.00394176,0,4.34459,0,110.366,89.8842
20.3951,-0.00394176,0,4.34459,0,110.366,89.8842
20.495,-0.000285044,0,4.34881,0,107.459,89.8842
20.5951,-0.000285044,0,4.34881,0,107.459,89.8842
20.6951,-0.000285044,0,4.34881,0,107.459,89.8842
20.795,0.00441696,0,4.3532,0,105.222,89.8842
20.8951,0.00441696,0,4.3532,0,105.222,89.8842
20.995,0.00913693,0,4.3559,0,103.488,89.8842
21.0951,0.00913693,0,4.3559,0,103.488,89.8842
21.1951,0.00913693,0,4.3559,0,103.488,89.8842
21.2951,0.0152765,0,4.35693,0,101.951,89.8842
21.3951,0.0152765,0,4.35693,0,101.951,89.8842
21.4951,0.022228,0,4.35665,0,100.365,89.8842
21.5951,0.022228,0,4.35665,0,100.365,89.8842
21.6951,0.0278243,0,4.35725,0,98.7566,89.8842
21.7951,0.0278243,0,4.35725,0,98.7566,89.8842
21.8951,0.0278243,0,4.35725,0,98.7566,89.8842
21.9951,0.0346739,0,4.35584,0,97.2261,89.8842
22.0951,0.0346739,0,4.35584,0,97.2261,89.8842
22.195,0.0409657,0,4.35305,0,95.9448,89.8842
22.2951,0.0409657,0,4.35305,0,95.9448,89.8842
22.3951,0.0409657,0,4.35305,0,95.9448,89.8842
22.4951,0.0451197,0,4.34911,0,94.9731,89.8842
22.5951,0.0451197,0,4.34911,0,94.9731,89.8842
22.6951,0.0493134,0,4.3453,0,94.2934,89.8842
22.7951,0.0493134,0,4.3453,0,94.2934,89.8842
22.8952,0.0493134,0,4.3453,0,94.2934,89.8842
22.9952,0.0542024,0,4.34111,0,93.8464,89.8842
23.0951,0.0542024,0,4.34111,0,93.8464,89.8842
23.1951,0.0591799,0,4.33253,0,93.4743,89.8842
23.2951,0.0591799,0,4.33253,0,93.4743,89.8842
23.3951,0.0591799,0,4.33253,0,93.4743,89.8842
23.4951,0.0656938,0,4.29707,0,93.1748,89.8842
23.5951,0.0656938,0,4.29707,0,93.1748,89.8842
23.6951,0.0746456,0,4.21361,0,92.9798,89.8842
23.7951,0.0746456,0,4.21361,0,92.9798,89.8842
23.8951,0.0851132,0,4.08824,0,92.7093,89.8842
23.9951,0.0851132,0,4.08824,0,92.7093,89.8842
24.0951,0.0851132,0,4.08824,0,92.7093,89.8842
24.1951,0.0958516,0,3.94486,0,92.307,89.8842
24.2951,0.0958516,0,3.94486,0,92.307,89.8842
24.3951,0.107835,0,3.78859,0,92.0835,89.8842
24.4951,0.107835,0,3.78859,0,92.0835,89.8842
24.595,0.119646,0,3.61805,0,91.9925,89.8842
24.6951,0.119646,0,3.61805,0,91.9925,89.8842
24.7951,0.119646,0,3.61805,0,91.9925,89.8842
24.8951,0.129724,0,3.43816,0,91.9572,89.8842
24.9951,0.129724,0,3.43816,0,91.9572,89.8842
25.0951,0.136587,0,3.25539,0,91.9359,89.8842
25.1951,0.136587,0,3.25539,0,91.9359,89.8842
25.2951,0.136587,0,3.25539,0,91.9359,89.8842
25.3951,0.1416,0,3.07154,0,91.9388,89.8842
25.4951,0.1416,0,3.07154,0,91.9388,89.8842
25.5951,0.144476,0,2.88862,0,91.9076,89.8842
25.6951,0.144476,0,2.88862,0,91.9076,89.8842
25.795,0.145409,0,2.70862,0,91.8323,89.8842
25.8951,0.145409,0,2.70862,0,91.8323,89.8842
25.9951,0.145409,0,2.70862,0,91.8323,89.8842
26.095,0.145032,0,2.53345,0,91.7293,89.8842
26.1951,0.145032,0,2.53345,0,91.7293,89.8842
26.295,0.142607,0,2.36278,0,91.5971,89.8842
26.3951,0.142607,0,2.36278,0,91.5971,89.8842
26.4951,0.142607,0,2.36278,0,91.5971,89.8842
26.5951,0.140185,0,2.19705,0,91.5033,89.8842
26.6951,0.140185,0,2.19705,0,91.5033,89.8842
26.795,0.135336,0,2.03663,0,91.3993,89.8842
26.895,0.135336,0,2.03663,0,91.3993,89.8842
26.995,0.127,0,1.88315,0,91.239,89.8842
27.095,0.127,0,1.88315,0,91.239,89.8842
27.1951,0.127,0,1.88315,0,91.239,89.8842
27.295,0.116107,0,1.7348,0,91.0167,89.8842
27.3951,0.116107,0,1.7348,0,91.0167,89.8842
27.4951,0.104818,0,1.59045,0,90.7799,89.8842
27.5951,0.104818,0,1.59045,0,90.7799,89.8842
27.695,0.104818,0,1.59045,0,90.7799,89.8842
27.7951,0.0953925,0,1.44886,0,90.6094,89.8842
27.8951,0.0953925,0,1.44886,0,90.6094,89.8842
27.9951,0.08592,0,1.31101,0,90.4427,89.8842
28.095,0.08592,0,1.31101,0,90.4427,89.8842
28.195,0.0759518,0,1.17378,0,90.2833,89.8842
28.2951,0.0759518,0,1.17378,0,90.2833,89.8842
28.3951,0.0759518,0,1.17378,0,90.2833,89.8842
28.495,0.0653623,0,1.03631,0,90.1113,89.8842
28.5951,0.0653623,0,1.03631,0,90.1113,89.8842
28.6951,0.054684,0,0.900602,0,89.9278,89.8842
28.7951,0.054684,0,0.900602,0,89.9278,89.8842
28.8951,0.054684,0,0.900602,0,89.9278,89.8842
28.995,0.0444183,0,0.768007,0,89.7366,89.8842
29.0951,0.0444183,0,0.768007,0,89.7366,89.8842
29.1951,0.035051,0,0.646418,0,89.5136,89.8842
29.1951,0.035051,0,0.646418,0,89.5136,89.8842
29.2949,0.035051,0,0.646418,0,89.5136,89.8842
29.395,0.035051,0,0.646418,0,89.5136,89.8842
29.495,0.0271576,0,0.538639,0,89.5136,89.8842
29.595,0.0203037,0,0.445895,0,89.0711,89.8842
29.8951,0.0157982,0,0.383548,0,88.8767,89.8842
29.9951,0.0157982,0,0.383548,0,88.8767,89.8842
30.0952,0.0157982,0,0.383548,0,88.8767,89.8842
30.1951,0.0138993,0,0.362174,0,88.8088,89.8842
30.2951,0.0138993,0,0.362174,0,88.8088,89.8842
30.395,0.0125808,0,0.364863,0,88.538,89.8842
30.4951,0.0125808,0,0.364863,0,88.538,89.8842
30.595,0.0110127,0,0.376709,0,88.1934,89.8842
30.695,0.0110127,0,0.376709,0,88.1934,89.8842
30.7951,0.0110127,0,0.376709,0,88.1934,89.8842
30.895,0.0101033,0,0.399318,0,87.9507,89.8842
30.9951,0.0101033,0,0.399318,0,87.9507,89.8842
31.095,0.00917622,0,0.430724,0,87.7134,89.8842
31.195,0.00917622,0,0.430724,0,87.7134,89.8842
31.2951,0.00917622,0,0.430724,0,87.7134,89.8842
31.395,0.00828689,0,0.467017,0,87.5065,89.8842
31.4951,0.00828689,0,0.467017,0,87.5065,89.8842
31.595,0.00809619,0,0.504767,0,87.4128,89.8842
31.6951,0.00809619,0,0.504767,0,87.4128,89.8842
31.795,0.00844863,0,0.539854,0,87.3974,89.8842
31.895,0.00844863,0,0.539854,0,87.3974,89.8842
31.9951,0.00844863,0,0.539854,0,87.3974,89.8842
32.0951,0.010464,0,0.571057,0,87.5514,89.8842
32.1951,0.010464,0,0.571057,0,87.5514,89.8842
32.2951,0.0140723,0,0.598079,0,87.8544,89.8842
32.3951,0.0140723,0,0.598079,0,87.8544,89.8842
32.4951,0.0140723,0,0.598079,0,87.8544,89.8842
32.5951,0.0186867,0,0.619441,0,88.2384,89.8842
32.6951,0.0186867,0,0.619441,0,88.2384,89.8842
32.795,0.0230381,0,0.634687,0,88.5912,89.8842
32.8951,0.0230381,0,0.634687,0,88.5912,89.8842
32.995,0.0230381,0,0.634687,0,88.5912,89.8842
33.0951,0.0274246,0,0.643972,0,88.9539,89.8842
33.1951,0.0274246,0,0.643972,0,88.9539,89.8842
33.295,0.0301583,0,0.649776,0,89.1765,89.8842
33.3951,0.0301583,0,0.649776,0,89.1765,89.8842
33.495,0.0315818,0,0.652513,0,89.2921,89.8842
33.5951,0.0315818,0,0.652513,0,89.2921,89.8842
33.6951,0.0315818,0,0.652513,0,89.2921,89.8842
33.7951,0.0339966,0,0.651715,0,89.5125,89.8842
33.895,0.0339966,0,0.651715,0,89.5125,89.8842
33.995,0.0340789,0,0.647874,0,89.5356,89.8842
34.0951,0.0340789,0,0.647874,0,89.5356,89.8842
34.1951,0.0340789,0,0.647874,0,89.5356,89.8842
34.2951,0.0331862,0,0.642277,0,89.481,89.8842
34.3951,0.0331862,0,0.642277,0,89.481,89.8842
34.495,0.0327776,0,0.635894,0,89.4706,89.8842
34.5951,0.0327776,0,0.635894,0,89.4706,89.8842
34.695,0.0323803,0,0.628345,0,89.4679,89.8842
